  0.000000000000000E+000  0.000000000000000E+000  -1.52541212750062     
  0.000000000000000E+000  0.302500009536743       -1.49798425438019     
  0.000000000000000E+000  0.605000019073486       -1.35057387713142     
  0.000000000000000E+000  0.907500028610229       -1.13618901460527     
  0.000000000000000E+000   1.21000003814697      -0.926703599510069     
  0.000000000000000E+000   1.51250004768372      -0.748693609406911     
  0.000000000000000E+000   1.81500005722046      -0.605427687786969     
  0.000000000000000E+000   2.11750006675720      -0.492056890147676     
  0.000000000000000E+000   2.42000007629395      -0.399888155513705     
  0.000000000000000E+000   2.72250008583069      -0.325372191130236     
  0.000000000000000E+000   3.02500009536743      -0.268529601731014     
  0.000000000000000E+000   3.32750010490417      -0.231322375499406     
  0.000000000000000E+000   3.63000011444092      -0.210017852454928     
  0.000000000000000E+000   3.93250012397766      -0.182884650001127     
  0.000000000000000E+000   4.23500013351440      -0.164251351055193     
  0.000000000000000E+000   4.53750014305115      -0.151384823525716     
  0.000000000000000E+000   4.84000015258789      -0.141172247092825     
  0.000000000000000E+000   5.14250016212463      -0.132027175020139     
  0.000000000000000E+000   5.44500017166138      -0.123319886924872     
  0.000000000000000E+000   5.74750018119812      -0.115308494120934     
  0.000000000000000E+000   6.05000019073486      -0.107808547004821     
  0.000000000000000E+000   6.35250020027161      -0.100704005599627     
  0.000000000000000E+000   6.65500020980835      -9.438005315358622E-002
  0.000000000000000E+000   6.95750021934509      -8.922676385835850E-002
  0.000000000000000E+000   7.26000022888184      -8.301518771604423E-002
  0.302500009536743       0.000000000000000E+000  -1.49775118297799     
  0.302500009536743       0.302500009536743       -1.47854939800402     
  0.302500009536743       0.605000019073486       -1.33072323604130     
  0.302500009536743       0.907500028610229       -1.11724426889158     
  0.302500009536743        1.21000003814697      -0.911667617652171     
  0.302500009536743        1.51250004768372      -0.737724899765153     
  0.302500009536743        1.81500005722046      -0.597764815025420     
  0.302500009536743        2.11750006675720      -0.486936790026429     
  0.302500009536743        2.42000007629395      -0.397199033279591     
  0.302500009536743        2.72250008583069      -0.324841095791175     
  0.302500009536743        3.02500009536743      -0.270202690609708     
  0.302500009536743        3.32750010490417      -0.234134369940878     
  0.302500009536743        3.63000011444092      -0.210905343443113     
  0.302500009536743        3.93250012397766      -0.186823464572966     
  0.302500009536743        4.23500013351440      -0.167088254254095     
  0.302500009536743        4.53750014305115      -0.152860868971590     
  0.302500009536743        4.84000015258789      -0.141774274278381     
  0.302500009536743        5.14250016212463      -0.132055080099071     
  0.302500009536743        5.44500017166138      -0.123091674924393     
  0.302500009536743        5.74750018119812      -0.114890775497552     
  0.302500009536743        6.05000019073486      -0.107222989384562     
  0.302500009536743        6.35250020027161      -9.993626152890797E-002
  0.302500009536743        6.65500020980835      -9.335899445208681E-002
  0.302500009536743        6.95750021934509      -8.819263296731031E-002
  0.302500009536743        7.26000022888184      -8.335086775073035E-002
  0.605000019073486       0.000000000000000E+000  -1.35016748839727     
  0.605000019073486       0.302500009536743       -1.33047731671234     
  0.605000019073486       0.605000019073486       -1.22022726817517     
  0.605000019073486       0.907500028610229       -1.04315778535229     
  0.605000019073486        1.21000003814697      -0.861725126491622     
  0.605000019073486        1.51250004768372      -0.703950665335446     
  0.605000019073486        1.81500005722046      -0.574748925400342     
  0.605000019073486        2.11750006675720      -0.471510653592797     
  0.605000019073486        2.42000007629395      -0.388562884872730     
  0.605000019073486        2.72250008583069      -0.321820550104536     
  0.605000019073486        3.02500009536743      -0.271609632712320     
  0.605000019073486        3.32750010490417      -0.237035329124267     
  0.605000019073486        3.63000011444092      -0.212706229879527     
  0.605000019073486        3.93250012397766      -0.190811223280556     
  0.605000019073486        4.23500013351440      -0.171150236735853     
  0.605000019073486        4.53750014305115      -0.155314426475733     
  0.605000019073486        4.84000015258789      -0.142655579338790     
  0.605000019073486        5.14250016212463      -0.131818963586522     
  0.605000019073486        5.44500017166138      -0.122282386342134     
  0.605000019073486        5.74750018119812      -0.113642405655450     
  0.605000019073486        6.05000019073486      -0.105592910251486     
  0.605000019073486        6.35250020027161      -9.806909146917256E-002
  0.605000019073486        6.65500020980835      -9.146703980529915E-002
  0.605000019073486        6.95750021934509      -8.649857529228069E-002
  0.605000019073486        7.26000022888184      -8.172218104644166E-002
  0.907500028610229       0.000000000000000E+000  -1.13581866780217     
  0.907500028610229       0.302500009536743       -1.11696086380851     
  0.907500028610229       0.605000019073486       -1.04303909507445     
  0.907500028610229       0.907500028610229      -0.918576967539284     
  0.907500028610229        1.21000003814697      -0.778916721012675     
  0.907500028610229        1.51250004768372      -0.648728539997390     
  0.907500028610229        1.81500005722046      -0.537512074519417     
  0.907500028610229        2.11750006675720      -0.446385854316761     
  0.907500028610229        2.42000007629395      -0.373046678319407     
  0.907500028610229        2.72250008583069      -0.314226618036173     
  0.907500028610229        3.02500009536743      -0.268725988319270     
  0.907500028610229        3.32750010490417      -0.235721682299931     
  0.907500028610229        3.63000011444092      -0.211217442448770     
  0.907500028610229        3.93250012397766      -0.190523400071751     
  0.907500028610229        4.23500013351440      -0.171962494541329     
  0.907500028610229        4.53750014305115      -0.155897759698770     
  0.907500028610229        4.84000015258789      -0.142335511394984     
  0.907500028610229        5.14250016212463      -0.130738901164653     
  0.907500028610229        5.44500017166138      -0.120669429075143     
  0.907500028610229        5.74750018119812      -0.111550891544426     
  0.907500028610229        6.05000019073486      -0.103129168423899     
  0.907500028610229        6.35250020027161      -9.542970144726526E-002
  0.907500028610229        6.65500020980835      -8.878419944537017E-002
  0.907500028610229        6.95750021934509      -8.336193008307463E-002
  0.907500028610229        7.26000022888184      -7.794802934362101E-002
   1.21000003814697       0.000000000000000E+000 -0.926435688431715     
   1.21000003814697       0.302500009536743      -0.911443018706183     
   1.21000003814697       0.605000019073486      -0.861593147011568     
   1.21000003814697       0.907500028610229      -0.778868206310507     
   1.21000003814697        1.21000003814697      -0.679332713135290     
   1.21000003814697        1.51250004768372      -0.579753497458029     
   1.21000003814697        1.81500005722046      -0.490001413455936     
   1.21000003814697        2.11750006675720      -0.414084695178207     
   1.21000003814697        2.42000007629395      -0.351695682939186     
   1.21000003814697        2.72250008583069      -0.301138924557323     
   1.21000003814697        3.02500009536743      -0.261126748237703     
   1.21000003814697        3.32750010490417      -0.230348652360410     
   1.21000003814697        3.63000011444092      -0.206547314166919     
   1.21000003814697        3.93250012397766      -0.186785582311534     
   1.21000003814697        4.23500013351440      -0.169354918318627     
   1.21000003814697        4.53750014305115      -0.153927975302676     
   1.21000003814697        4.84000015258789      -0.140371591733979     
   1.21000003814697        5.14250016212463      -0.128484301435602     
   1.21000003814697        5.44500017166138      -0.118055437421088     
   1.21000003814697        5.74750018119812      -0.108618749881260     
   1.21000003814697        6.05000019073486      -9.993483102472778E-002
   1.21000003814697        6.35250020027161      -9.208109777710011E-002
   1.21000003814697        6.65500020980835      -8.523574366711610E-002
   1.21000003814697        6.95750021934509      -7.930962697934141E-002
   1.21000003814697        7.26000022888184      -7.353079327260290E-002
   1.51250004768372       0.000000000000000E+000 -0.748520491057519     
   1.51250004768372       0.302500009536743      -0.737572672552085     
   1.51250004768372       0.605000019073486      -0.703846818990435     
   1.51250004768372       0.907500028610229      -0.648674532814472     
   1.51250004768372        1.21000003814697      -0.579734728605767     
   1.51250004768372        1.51250004768372      -0.506910763199397     
   1.51250004768372        1.81500005722046      -0.438322331764381     
   1.51250004768372        2.11750006675720      -0.378063991318188     
   1.51250004768372        2.42000007629395      -0.326719458366839     
   1.51250004768372        2.72250008583069      -0.284049995909878     
   1.51250004768372        3.02500009536743      -0.249447308069094     
   1.51250004768372        3.32750010490417      -0.221835950671154     
   1.51250004768372        3.63000011444092      -0.199611520368892     
   1.51250004768372        3.93250012397766      -0.180998769487352     
   1.51250004768372        4.23500013351440      -0.164691508045632     
   1.51250004768372        4.53750014305115      -0.150060418008996     
   1.51250004768372        4.84000015258789      -0.136877705163108     
   1.51250004768372        5.14250016212463      -0.125044208645550     
   1.51250004768372        5.44500017166138      -0.114456425201906     
   1.51250004768372        5.74750018119812      -0.104920163336900     
   1.51250004768372        6.05000019073486      -9.616430155654403E-002
   1.51250004768372        6.35250020027161      -8.824812830908166E-002
   1.51250004768372        6.65500020980835      -8.126615696582250E-002
   1.51250004768372        6.95750021934509      -7.508204597461417E-002
   1.51250004768372        7.26000022888184      -6.921684668634702E-002
   1.81500005722046       0.000000000000000E+000 -0.605323754663712     
   1.81500005722046       0.302500009536743      -0.597670723788712     
   1.81500005722046       0.605000019073486      -0.574678512669080     
   1.81500005722046       0.907500028610229      -0.537468707059748     
   1.81500005722046        1.21000003814697      -0.489980064504723     
   1.81500005722046        1.51250004768372      -0.438315329121304     
   1.81500005722046        1.81500005722046      -0.387855893060106     
   1.81500005722046        2.11750006675720      -0.341406305665066     
   1.81500005722046        2.42000007629395      -0.300295436570487     
   1.81500005722046        2.72250008583069      -0.265042700439840     
   1.81500005722046        3.02500009536743      -0.235578210788063     
   1.81500005722046        3.32750010490417      -0.211285044411736     
   1.81500005722046        3.63000011444092      -0.191113480449443     
   1.81500005722046        3.93250012397766      -0.173879113584182     
   1.81500005722046        4.23500013351440      -0.158622173052403     
   1.81500005722046        4.53750014305115      -0.144783522724874     
   1.81500005722046        4.84000015258789      -0.132135184387292     
   1.81500005722046        5.14250016212463      -0.120608101597356     
   1.81500005722046        5.44500017166138      -0.110153631198376     
   1.81500005722046        5.74750018119812      -0.100682529744341     
   1.81500005722046        6.05000019073486      -9.206388456214470E-002
   1.81500005722046        6.35250020027161      -8.424196045820556E-002
   1.81500005722046        6.65500020980835      -7.726916728668921E-002
   1.81500005722046        6.95750021934509      -7.102871925374439E-002
   1.81500005722046        7.26000022888184      -6.521141624394367E-002
   2.11750006675720       0.000000000000000E+000 -0.491998863918197     
   2.11750006675720       0.302500009536743      -0.486882791531415     
   2.11750006675720       0.605000019073486      -0.471467348977007     
   2.11750006675720       0.907500028610229      -0.446356544832174     
   2.11750006675720        1.21000003814697      -0.414068098046689     
   2.11750006675720        1.51250004768372      -0.378056277971588     
   2.11750006675720        1.81500005722046      -0.341403675820816     
   2.11750006675720        2.11750006675720      -0.306290993136691     
   2.11750006675720        2.42000007629395      -0.274074643090956     
   2.11750006675720        2.72250008583069      -0.245493673746107     
   2.11750006675720        3.02500009536743      -0.220773335013962     
   2.11750006675720        3.32750010490417      -0.199669650175634     
   2.11750006675720        3.63000011444092      -0.181577545411844     
   2.11750006675720        3.93250012397766      -0.165747659980970     
   2.11750006675720        4.23500013351440      -0.151528896769084     
   2.11750006675720        4.53750014305115      -0.138510201952251     
   2.11750006675720        4.84000015258789      -0.126511537523146     
   2.11750006675720        5.14250016212463      -0.115483250398569     
   2.11750006675720        5.44500017166138      -0.105405367301719     
   2.11750006675720        5.74750018119812      -9.623704658373128E-002
   2.11750006675720        6.05000019073486      -8.791199896537874E-002
   2.11750006675720        6.35250020027161      -8.035452752258471E-002
   2.11750006675720        6.65500020980835      -7.350269568276428E-002
   2.11750006675720        6.95750021934509      -6.729853497231295E-002
   2.11750006675720        7.26000022888184      -6.154805120671762E-002
   2.42000007629395       0.000000000000000E+000 -0.399865075543042     
   2.42000007629395       0.302500009536743      -0.397176023162927     
   2.42000007629395       0.605000019073486      -0.388541194216050     
   2.42000007629395       0.907500028610229      -0.373029429479770     
   2.42000007629395        1.21000003814697      -0.351684091976702     
   2.42000007629395        1.51250004768372      -0.326712620640895     
   2.42000007629395        1.81500005722046      -0.300291833077256     
   2.42000007629395        2.11750006675720      -0.274073150464513     
   2.42000007629395        2.42000007629395      -0.249172498374006     
   2.42000007629395        2.72250008583069      -0.226283260178056     
   2.42000007629395        3.02500009536743      -0.205740345916834     
   2.42000007629395        3.32750010490417      -0.187544635866713     
   2.42000007629395        3.63000011444092      -0.171425561544865     
   2.42000007629395        3.93250012397766      -0.156974615819501     
   2.42000007629395        4.23500013351440      -0.143804258533813     
   2.42000007629395        4.53750014305115      -0.131652998612532     
   2.42000007629395        4.84000015258789      -0.120398541476888     
   2.42000007629395        5.14250016212463      -0.110005857618816     
   2.42000007629395        5.44500017166138      -0.100466150690474     
   2.42000007629395        5.74750018119812      -9.176115553973432E-002
   2.42000007629395        6.05000019073486      -8.384923384860871E-002
   2.42000007629395        6.35250020027161      -7.665412789130618E-002
   2.42000007629395        6.65500020980835      -7.005579884261087E-002
   2.42000007629395        6.95750021934509      -6.392460785209730E-002
   2.42000007629395        7.26000022888184      -5.820835150569574E-002
   2.72250008583069       0.000000000000000E+000 -0.325367755405977     
   2.72250008583069       0.302500009536743      -0.324834588245152     
   2.72250008583069       0.605000019073486      -0.321810508013715     
   2.72250008583069       0.907500028610229      -0.314215323682287     
   2.72250008583069        1.21000003814697      -0.301129611578392     
   2.72250008583069        1.51250004768372      -0.284043516278222     
   2.72250008583069        1.81500005722046      -0.265038549060592     
   2.72250008583069        2.11750006675720      -0.245491305460036     
   2.72250008583069        2.42000007629395      -0.226282297055160     
   2.72250008583069        2.72250008583069      -0.207982975554611     
   2.72250008583069        3.02500009536743      -0.190940721358136     
   2.72250008583069        3.32750010490417      -0.175295872000480     
   2.72250008583069        3.63000011444092      -0.161003881923325     
   2.72250008583069        3.93250012397766      -0.147901993832747     
   2.72250008583069        4.23500013351440      -0.135802917533984     
   2.72250008583069        4.53750014305115      -0.124566570677303     
   2.72250008583069        4.84000015258789      -0.114120989475566     
   2.72250008583069        5.14250016212463      -0.104442891146467     
   2.72250008583069        5.44500017166138      -9.552835442609817E-002
   2.72250008583069        5.74750018119812      -8.737179260340994E-002
   2.72250008583069        6.05000019073486      -7.994668850383481E-002
   2.72250008583069        6.35250020027161      -7.316805913771032E-002
   2.72250008583069        6.65500020980835      -6.687619048480725E-002
   2.72250008583069        6.95750021934509      -6.089059586077274E-002
   2.72250008583069        7.26000022888184      -5.517773164206551E-002
   3.02500009536743       0.000000000000000E+000 -0.268524164556264     
   3.02500009536743       0.302500009536743      -0.270194196926489     
   3.02500009536743       0.605000019073486      -0.271597635393996     
   3.02500009536743       0.907500028610229      -0.268714102561036     
   3.02500009536743        1.21000003814697      -0.261117384441302     
   3.02500009536743        1.51250004768372      -0.249440942401540     
   3.02500009536743        1.81500005722046      -0.235574166646717     
   3.02500009536743        2.11750006675720      -0.220771001438858     
   3.02500009536743        2.42000007629395      -0.205739293193749     
   3.02500009536743        2.72250008583069      -0.190940510404533     
   3.02500009536743        3.02500009536743      -0.176700365051773     
   3.02500009536743        3.32750010490417      -0.163224312803066     
   3.02500009536743        3.63000011444092      -0.150595608583595     
   3.02500009536743        3.93250012397766      -0.138801159556960     
   3.02500009536743        4.23500013351440      -0.127782546547463     
   3.02500009536743        4.53750014305115      -0.117482992590233     
   3.02500009536743        4.84000015258789      -0.107869093471273     
   3.02500009536743        5.14250016212463      -9.892972706709342E-002
   3.02500009536743        5.44500017166138      -9.066793368124929E-002
   3.02500009536743        5.74750018119812      -8.309354061533179E-002
   3.02500009536743        6.05000019073486      -7.621112374730225E-002
   3.02500009536743        6.35250020027161      -6.997568745894499E-002
   3.02500009536743        6.65500020980835      -6.414296148470036E-002
   3.02500009536743        6.95750021934509      -5.831059409793352E-002
   3.02500009536743        7.26000022888184      -5.246424226429067E-002
   3.32750010490417       0.000000000000000E+000 -0.231299070132623     
   3.32750010490417       0.302500009536743      -0.234109655936398     
   3.32750010490417       0.605000019073486      -0.237015011685510     
   3.32750010490417       0.907500028610229      -0.235707757214254     
   3.32750010490417        1.21000003814697      -0.230339927061306     
   3.32750010490417        1.51250004768372      -0.221831125884487     
   3.32750010490417        1.81500005722046      -0.211282700311873     
   3.32750010490417        2.11750006675720      -0.199668861373017     
   3.32750010490417        2.42000007629395      -0.187544809254923     
   3.32750010490417        2.72250008583069      -0.175296538769923     
   3.32750010490417        3.02500009536743      -0.163224960191532     
   3.32750010490417        3.32750010490417      -0.151551609897514     
   3.32750010490417        3.63000011444092      -0.140408700754331     
   3.32750010490417        3.93250012397766      -0.129850120991453     
   3.32750010490417        4.23500013351440      -0.119883121397433     
   3.32750010490417        4.53750014305115      -0.110500445911682     
   3.32750010490417        4.84000015258789      -0.101697727975996     
   3.32750010490417        5.14250016212463      -9.347817250293777E-002
   3.32750010490417        5.44500017166138      -8.585462389550556E-002
   3.32750010490417        5.74750018119812      -7.885428508477857E-002
   3.32750010490417        6.05000019073486      -7.253218992881329E-002
   3.32750010490417        6.35250020027161      -6.686885531574606E-002
   3.32750010490417        6.65500020980835      -6.152776111113110E-002
   3.32750010490417        6.95750021934509      -5.589058389343395E-002
   3.32750010490417        7.26000022888184      -4.994337144105683E-002
   3.63000011444092       0.000000000000000E+000 -0.209983115388910     
   3.63000011444092       0.302500009536743      -0.210872965710294     
   3.63000011444092       0.605000019073486      -0.212687858454407     
   3.63000011444092       0.907500028610229      -0.211208698208364     
   3.63000011444092        1.21000003814697      -0.206543794183461     
   3.63000011444092        1.51250004768372      -0.199611187974361     
   3.63000011444092        1.81500005722046      -0.191115059604506     
   3.63000011444092        2.11750006675720      -0.181580076018457     
   3.63000011444092        2.42000007629395      -0.171428412979285     
   3.63000011444092        2.72250008583069      -0.161006619964667     
   3.63000011444092        3.02500009536743      -0.150597856434939     
   3.63000011444092        3.32750010490417      -0.140410051394681     
   3.63000011444092        3.63000011444092      -0.130570367692873     
   3.63000011444092        3.93250012397766      -0.121142328710978     
   3.63000011444092        4.23500013351440      -0.112155939949008     
   3.63000011444092        4.53750014305115      -0.103631457475271     
   3.63000011444092        4.84000015258789      -9.558813601448832E-002
   3.63000011444092        5.14250016212463      -8.804409252872615E-002
   3.63000011444092        5.44500017166138      -8.101915277879200E-002
   3.63000011444092        5.74750018119812      -7.454558033591001E-002
   3.63000011444092        6.05000019073486      -6.869535521533572E-002
   3.63000011444092        6.35250020027161      -6.341512436559602E-002
   3.63000011444092        6.65500020980835      -5.833433154473106E-002
   3.63000011444092        6.95750021934509      -5.287342052457039E-002
   3.63000011444092        7.26000022888184      -4.770400475793136E-002
   3.93250012397766       0.000000000000000E+000 -0.182883177378125     
   3.93250012397766       0.302500009536743      -0.186823545057141     
   3.93250012397766       0.605000019073486      -0.190814776468332     
   3.93250012397766       0.907500028610229      -0.190529190682604     
   3.93250012397766        1.21000003814697      -0.186791996137498     
   3.93250012397766        1.51250004768372      -0.181005702594623     
   3.93250012397766        1.81500005722046      -0.173886441203040     
   3.93250012397766        2.11750006675720      -0.165754833046632     
   3.93250012397766        2.42000007629395      -0.156981213915903     
   3.93250012397766        2.72250008583069      -0.147907736923765     
   3.93250012397766        3.02500009536743      -0.138805824553038     
   3.93250012397766        3.32750010490417      -0.129853478823581     
   3.93250012397766        3.63000011444092      -0.121144129548590     
   3.93250012397766        3.93250012397766      -0.112722007042283     
   3.93250012397766        4.23500013351440      -0.104619398582545     
   3.93250012397766        4.53750014305115      -9.687432134499267E-002
   3.93250012397766        4.84000015258789      -8.952632018060715E-002
   3.93250012397766        5.14250016212463      -8.260550952296868E-002
   3.93250012397766        5.44500017166138      -7.613061208640141E-002
   3.93250012397766        5.74750018119812      -7.011868889422555E-002
   3.93250012397766        6.05000019073486      -6.460206959092517E-002
   3.93250012397766        6.35250020027161      -5.948962833283651E-002
   3.93250012397766        6.65500020980835      -5.443010869531308E-002
   3.93250012397766        6.95750021934509      -4.914329102700622E-002
   3.93250012397766        7.26000022888184      -4.440930415953331E-002
   4.23500013351440       0.000000000000000E+000 -0.164288452187079     
   4.23500013351440       0.302500009536743      -0.167122086335432     
   4.23500013351440       0.605000019073486      -0.171177729193537     
   4.23500013351440       0.907500028610229      -0.171984320652873     
   4.23500013351440        1.21000003814697      -0.169372228616520     
   4.23500013351440        1.51250004768372      -0.164706567614873     
   4.23500013351440        1.81500005722046      -0.158635698238543     
   4.23500013351440        2.11750006675720      -0.151540962869253     
   4.23500013351440        2.42000007629395      -0.143814863302850     
   4.23500013351440        2.72250008583069      -0.135812034859828     
   4.23500013351440        3.02500009536743      -0.127790090504984     
   4.23500013351440        3.32750010490417      -0.119888948495491     
   4.23500013351440        3.63000011444092      -0.112159897538160     
   4.23500013351440        3.93250012397766      -0.104621384088290     
   4.23500013351440        4.23500013351440      -9.730401477161951E-002
   4.23500013351440        4.53750014305115      -9.026054412302420E-002
   4.23500013351440        4.84000015258789      -8.354697021656315E-002
   4.23500013351440        5.14250016212463      -7.719945171512092E-002
   4.23500013351440        5.44500017166138      -7.122802473566343E-002
   4.23500013351440        5.74750018119812      -6.562643894195044E-002
   4.23500013351440        6.05000019073486      -6.037765567789393E-002
   4.23500013351440        6.35250020027161      -5.539893238610492E-002
   4.23500013351440        6.65500020980835      -5.047537388344668E-002
   4.23500013351440        6.95750021934509      -4.561302549673154E-002
   4.23500013351440        7.26000022888184      -4.132547099886297E-002
   4.53750014305115       0.000000000000000E+000 -0.151437524652949     
   4.53750014305115       0.302500009536743      -0.152910250638065     
   4.53750014305115       0.605000019073486      -0.155355981075752     
   4.53750014305115       0.907500028610229      -0.155930585517669     
   4.53750014305115        1.21000003814697      -0.153954195931047     
   4.53750014305115        1.51250004768372      -0.150082210886619     
   4.53750014305115        1.81500005722046      -0.144802030925294     
   4.53750014305115        2.11750006675720      -0.138526175282749     
   4.53750014305115        2.42000007629395      -0.131666955842826     
   4.53750014305115        2.72250008583069      -0.124578767088491     
   4.53750014305115        3.02500009536743      -0.117493411410921     
   4.53750014305115        3.32750010490417      -0.110508895646889     
   4.53750014305115        3.63000011444092      -0.103637736342548     
   4.53750014305115        3.93250012397766      -9.687835718530258E-002
   4.53750014305115        4.23500013351440      -9.026244229796163E-002
   4.53750014305115        4.53750014305115      -8.385535857254491E-002
   4.53750014305115        4.84000015258789      -7.772332373036468E-002
   4.53750014305115        5.14250016212463      -7.190171863115981E-002
   4.53750014305115        5.44500017166138      -6.638886343297690E-002
   4.53750014305115        5.74750018119812      -6.116230390877690E-002
   4.53750014305115        6.05000019073486      -5.619252721395024E-002
   4.53750014305115        6.35250020027161      -5.142889969501026E-002
   4.53750014305115        6.65500020980835      -4.680081959075193E-002
   4.53750014305115        6.95750021934509      -4.239738063595944E-002
   4.53750014305115        7.26000022888184      -3.847446806205534E-002
   4.84000015258789       0.000000000000000E+000 -0.141232077379034     
   4.84000015258789       0.302500009536743      -0.141830866236813     
   4.84000015258789       0.605000019073486      -0.142704131748379     
   4.84000015258789       0.907500028610229      -0.142375002679921     
   4.84000015258789        1.21000003814697      -0.140403178822152     
   4.84000015258789        1.51250004768372      -0.136903139832257     
   4.84000015258789        1.81500005722046      -0.132156169438348     
   4.84000015258789        2.11750006675720      -0.126529512028199     
   4.84000015258789        2.42000007629395      -0.120414522533227     
   4.84000015258789        2.72250008583069      -0.114135444812124     
   4.84000015258789        3.02500009536743      -0.107881958749128     
   4.84000015258789        3.32750010490417      -0.101708616818164     
   4.84000015258789        3.63000011444092      -9.559665297520668E-002
   4.84000015258789        3.93250012397766      -8.953231053009632E-002
   4.84000015258789        4.23500013351440      -8.355059081419562E-002
   4.84000015258789        4.53750014305115      -7.772493914012489E-002
   4.84000015258789        4.84000015258789      -7.212425249629757E-002
   4.84000015258789        5.14250016212463      -6.677767256241496E-002
   4.84000015258789        5.44500017166138      -6.167318522093343E-002
   4.84000015258789        5.74750018119812      -5.678365069828012E-002
   4.84000015258789        6.05000019073486      -5.209298720383022E-002
   4.84000015258789        6.35250020027161      -4.760129673075317E-002
   4.84000015258789        6.65500020980835      -4.332066669044164E-002
   4.84000015258789        6.95750021934509      -3.930425681480180E-002
   4.84000015258789        7.26000022888184      -3.565733567319870E-002
   5.14250016212463       0.000000000000000E+000 -0.132094173641115     
   5.14250016212463       0.302500009536743      -0.132117794465377     
   5.14250016212463       0.605000019073486      -0.131871356266477     
   5.14250016212463       0.907500028610229      -0.130780080979693     
   5.14250016212463        1.21000003814697      -0.128515964377496     
   5.14250016212463        1.51250004768372      -0.125068927585670     
   5.14250016212463        1.81500005722046      -0.120628321447994     
   5.14250016212463        2.11750006675720      -0.115500930549856     
   5.14250016212463        2.42000007629395      -0.110022290907845     
   5.14250016212463        2.72250008583069      -0.104458564015216     
   5.14250016212463        3.02500009536743      -9.894436638627048E-002
   5.14250016212463        3.32750010490417      -9.349106248874692E-002
   5.14250016212463        3.63000011444092      -8.805453920390786E-002
   5.14250016212463        3.93250012397766      -8.261320607458861E-002
   5.14250016212463        4.23500013351440      -7.720456526656679E-002
   5.14250016212463        4.53750014305115      -7.190471364942537E-002
   5.14250016212463        4.84000015258789      -6.677903114723596E-002
   5.14250016212463        5.14250016212463      -6.184808594391337E-002
   5.14250016212463        5.44500017166138      -5.709300683737067E-002
   5.14250016212463        5.74750018119812      -5.249039759920870E-002
   5.14250016212463        6.05000019073486      -4.804675287644877E-002
   5.14250016212463        6.35250020027161      -4.380691309661231E-002
   5.14250016212463        6.65500020980835      -3.983176071788282E-002
   5.14250016212463        6.95750021934509      -3.615839048106183E-002
   5.14250016212463        7.26000022888184      -3.276631484439498E-002
   5.44500017166138       0.000000000000000E+000 -0.123402026871967     
   5.44500017166138       0.302500009536743      -0.123164847510746     
   5.44500017166138       0.605000019073486      -0.122335525708291     
   5.44500017166138       0.907500028610229      -0.120703434304386     
   5.44500017166138        1.21000003814697      -0.118078537785714     
   5.44500017166138        1.51250004768372      -0.114474569044821     
   5.44500017166138        1.81500005722046      -0.110169440969512     
   5.44500017166138        2.11750006675720      -0.105420531013101     
   5.44500017166138        2.42000007629395      -0.100481650782305     
   5.44500017166138        2.72250008583069      -9.554433492716145E-002
   5.44500017166138        3.02500009536743      -9.068369899092685E-002
   5.44500017166138        3.32750010490417      -8.586900153096881E-002
   5.44500017166138        3.63000011444092      -8.103109448108980E-002
   5.44500017166138        3.93250012397766      -7.613966605581088E-002
   5.44500017166138        4.23500013351440      -7.123439403725995E-002
   5.44500017166138        4.53750014305115      -6.639311232422830E-002
   5.44500017166138        4.84000015258789      -6.167586247203169E-002
   5.44500017166138        5.14250016212463      -5.709438770730135E-002
   5.44500017166138        5.44500017166138      -5.262450488155120E-002
   5.44500017166138        5.74750018119812      -4.824685818451619E-002
   5.44500017166138        6.05000019073486      -4.399026925843474E-002
   5.44500017166138        6.35250020027161      -3.995755318707469E-002
   5.44500017166138        6.65500020980835      -3.625496432954798E-002
   5.44500017166138        6.95750021934509      -3.288019972335488E-002
   5.44500017166138        7.26000022888184      -2.972586611583817E-002
   5.74750018119812       0.000000000000000E+000 -0.115414163917052     
   5.74750018119812       0.302500009536743      -0.114978761197909     
   5.74750018119812       0.605000019073486      -0.113692665906953     
   5.74750018119812       0.907500028610229      -0.111569258851860     
   5.74750018119812        1.21000003814697      -0.108622526988277     
   5.74750018119812        1.51250004768372      -0.104923706963971     
   5.74750018119812        1.81500005722046      -0.100690051562452     
   5.74750018119812        2.11750006675720      -9.624787467763746E-002
   5.74750018119812        2.42000007629395      -9.177484857537124E-002
   5.74750018119812        2.72250008583069      -8.738762246232397E-002
   5.74750018119812        3.02500009536743      -8.311011151181839E-002
   5.74750018119812        3.32750010490417      -7.886978359375392E-002
   5.74750018119812        3.63000011444092      -7.455854876926304E-002
   5.74750018119812        3.93250012397766      -7.012866227307658E-002
   5.74750018119812        4.23500013351440      -6.563382491931360E-002
   5.74750018119812        4.53750014305115      -6.116780750734327E-002
   5.74750018119812        4.84000015258789      -5.678783144883464E-002
   5.74750018119812        5.14250016212463      -5.249346877183177E-002
   5.74750018119812        5.44500017166138      -4.824864656555886E-002
   5.74750018119812        5.74750018119812      -4.402508463429713E-002
   5.74750018119812        6.05000019073486      -3.988816794532288E-002
   5.74750018119812        6.35250020027161      -3.600204398827608E-002
   5.74750018119812        6.65500020980835      -3.251459590976390E-002
   5.74750018119812        6.95750021934509      -2.942119263445629E-002
   5.74750018119812        7.26000022888184      -2.649638468729408E-002
   6.05000019073486       0.000000000000000E+000 -0.107945090987926     
   6.05000019073486       0.302500009536743      -0.107325220419944     
   6.05000019073486       0.605000019073486      -0.105630395442665     
   6.05000019073486       0.907500028610229      -0.103121702711823     
   6.05000019073486        1.21000003814697      -9.991302995254846E-002
   6.05000019073486        1.51250004768372      -9.614774472423941E-002
   6.05000019073486        1.81500005722046      -9.205976542740758E-002
   6.05000019073486        2.11750006675720      -8.791746708183125E-002
   6.05000019073486        2.42000007629395      -8.386099170978313E-002
   6.05000019073486        2.72250008583069      -7.996263537479519E-002
   6.05000019073486        3.02500009536743      -7.622886389656310E-002
   6.05000019073486        3.32750010490417      -7.254880483650800E-002
   6.05000019073486        3.63000011444092      -6.870872170147052E-002
   6.05000019073486        3.93250012397766      -6.461214347573781E-002
   6.05000019073486        4.23500013351440      -6.038567146123441E-002
   6.05000019073486        4.53750014305115      -5.619937054038610E-002
   6.05000019073486        4.84000015258789      -5.209903394684142E-002
   6.05000019073486        5.14250016212463      -4.805203699937217E-002
   6.05000019073486        5.44500017166138      -4.399449101194789E-002
   6.05000019073486        5.74750018119812      -3.989068643018726E-002
   6.05000019073486        6.05000019073486      -3.581339612291768E-002
   6.05000019073486        6.35250020027161      -3.194156748517798E-002
   6.05000019073486        6.65500020980835      -2.854526307434418E-002
   6.05000019073486        6.95750021934509      -2.571488038417444E-002
   6.05000019073486        7.26000022888184      -2.303642293388565E-002
   6.35250020027161       0.000000000000000E+000 -0.100875410082631     
   6.35250020027161       0.302500009536743      -0.100041878506877     
   6.35250020027161       0.605000019073486      -9.807313966528780E-002
   6.35250020027161       0.907500028610229      -9.538621453797397E-002
   6.35250020027161        1.21000003814697      -9.203348661506841E-002
   6.35250020027161        1.51250004768372      -8.821444949241451E-002
   6.35250020027161        1.81500005722046      -8.422667631559859E-002
   6.35250020027161        2.11750006675720      -8.035496829704325E-002
   6.35250020027161        2.42000007629395      -7.666468537116260E-002
   6.35250020027161        2.72250008583069      -7.318535385181968E-002
   6.35250020027161        3.02500009536743      -6.999605019629399E-002
   6.35250020027161        3.32750010490417      -6.688744248667232E-002
   6.35250020027161        3.63000011444092      -6.342890425848760E-002
   6.35250020027161        3.93250012397766      -5.949939087370874E-002
   6.35250020027161        4.23500013351440      -5.540720586886131E-002
   6.35250020027161        4.53750014305115      -5.143723184415676E-002
   6.35250020027161        4.84000015258789      -4.760967352259947E-002
   6.35250020027161        5.14250016212463      -4.381502273016542E-002
   6.35250020027161        5.44500017166138      -3.996491248136448E-002
   6.35250020027161        5.74750018119812      -3.600791295653658E-002
   6.35250020027161        6.05000019073486      -3.194509802888225E-002
   6.35250020027161        6.35250020027161      -2.792510990413722E-002
   6.35250020027161        6.65500020980835      -2.436983026094262E-002
   6.35250020027161        6.95750021934509      -2.173806258069732E-002
   6.35250020027161        7.26000022888184      -1.938136391069685E-002
   6.65500020980835       0.000000000000000E+000 -9.458249172166582E-002
   6.65500020980835       0.302500009536743      -9.344347600676910E-002
   6.65500020980835       0.605000019073486      -9.142271812590091E-002
   6.65500020980835       0.907500028610229      -8.870946930528630E-002
   6.65500020980835        1.21000003814697      -8.517361305196774E-002
   6.65500020980835        1.51250004768372      -8.122481952831448E-002
   6.65500020980835        1.81500005722046      -7.724856801621646E-002
   6.65500020980835        2.11750006675720      -7.350000779795336E-002
   6.65500020980835        2.42000007629395      -7.006648740641375E-002
   6.65500020980835        2.72250008583069      -6.689652626774911E-002
   6.65500020980835        3.02500009536743      -6.416797348239818E-002
   6.65500020980835        3.32750010490417      -6.155033354844049E-002
   6.65500020980835        3.63000011444092      -5.834985903814830E-002
   6.65500020980835        3.93250012397766      -5.444097672526350E-002
   6.65500020980835        4.23500013351440      -5.048537273580514E-002
   6.65500020980835        4.53750014305115      -4.681141969195833E-002
   6.65500020980835        4.84000015258789      -4.333183565923075E-002
   6.65500020980835        5.14250016212463      -3.984313462940461E-002
   6.65500020980835        5.44500017166138      -3.626587104311759E-002
   6.65500020980835        5.74750018119812      -3.252438100198884E-002
   6.65500020980835        6.05000019073486      -2.855318159382799E-002
   6.65500020980835        6.35250020027161      -2.437470375173111E-002
   6.65500020980835        6.65500020980835      -2.041171030413371E-002
   6.65500020980835        6.95750021934509      -1.770077433241890E-002
   6.65500020980835        7.26000022888184      -1.581249838352659E-002
   6.95750021934509       0.000000000000000E+000 -8.943674664466372E-002
   6.95750021934509       0.302500009536743      -8.825067269927511E-002
   6.95750021934509       0.605000019073486      -8.644314318066007E-002
   6.95750021934509       0.907500028610229      -8.329011918354243E-002
   6.95750021934509        1.21000003814697      -7.925158038605712E-002
   6.95750021934509        1.51250004768372      -7.504293172417165E-002
   6.95750021934509        1.81500005722046      -7.100814369121070E-002
   6.95750021934509        2.11750006675720      -6.729520577162793E-002
   6.95750021934509        2.42000007629395      -6.393639068995835E-002
   6.95750021934509        2.72250008583069      -6.091445993786766E-002
   6.95750021934509        3.02500009536743      -5.834148034443362E-002
   6.95750021934509        3.32750010490417      -5.591935762189365E-002
   6.95750021934509        3.63000011444092      -5.289353500271120E-002
   6.95750021934509        3.93250012397766      -4.915902140546644E-002
   6.95750021934509        4.23500013351440      -4.562713797216978E-002
   6.95750021934509        4.53750014305115      -4.241128905694359E-002
   6.95750021934509        4.84000015258789      -3.931833561207726E-002
   6.95750021934509        5.14250016212463      -3.617272335796628E-002
   6.95750021934509        5.44500017166138      -3.289427236460112E-002
   6.95750021934509        5.74750018119812      -2.943450848740815E-002
   6.95750021934509        6.05000019073486      -2.572698587435800E-002
   6.95750021934509        6.35250020027161      -2.174824377032751E-002
   6.95750021934509        6.65500020980835      -1.770762428356341E-002
   6.95750021934509        6.95750021934509      -1.454717171645040E-002
   6.95750021934509        7.26000022888184      -1.292534349004570E-002
   7.26000022888184       0.000000000000000E+000 -8.320488995369173E-002
   7.26000022888184       0.302500009536743      -8.343489194479395E-002
   7.26000022888184       0.605000019073486      -8.169666137846905E-002
   7.26000022888184       0.907500028610229      -7.789128372592953E-002
   7.26000022888184        1.21000003814697      -7.347917841814151E-002
   7.26000022888184        1.51250004768372      -6.918030746034660E-002
   7.26000022888184        1.81500005722046      -6.519175696623380E-002
   7.26000022888184        2.11750006675720      -6.154492134404877E-002
   7.26000022888184        2.42000007629395      -5.822076833076038E-002
   7.26000022888184        2.72250008583069      -5.520313724127777E-002
   7.26000022888184        3.02500009536743      -5.249779466168269E-002
   7.26000022888184        3.32750010490417      -4.997545358341212E-002
   7.26000022888184        3.63000011444092      -4.772856572104234E-002
   7.26000022888184        3.93250012397766      -4.443070146753476E-002
   7.26000022888184        4.23500013351440      -4.134307226780809E-002
   7.26000022888184        4.53750014305115      -3.849074406921097E-002
   7.26000022888184        4.84000015258789      -3.567325756203504E-002
   7.26000022888184        5.14250016212463      -3.278233451845430E-002
   7.26000022888184        5.44500017166138      -2.974159503584090E-002
   7.26000022888184        5.74750018119812      -2.651142775160805E-002
   7.26000022888184        6.05000019073486      -2.305050056540217E-002
   7.26000022888184        6.35250020027161      -1.939423337913524E-002
   7.26000022888184        6.65500020980835      -1.582368173002532E-002
   7.26000022888184        6.95750021934509      -1.293266765435164E-002
   7.26000022888184        7.26000022888184      -1.066507159836861E-002
