  0.000000000000000E+000  0.000000000000000E+000 -0.605323754663712     
  0.000000000000000E+000  0.302500009536743      -0.579391261274602     
  0.000000000000000E+000  0.605000019073486      -0.524698453375988     
  0.000000000000000E+000  0.907500028610229      -0.458838202579184     
  0.000000000000000E+000   1.21000003814697      -0.397358677195648     
  0.000000000000000E+000   1.51250004768372      -0.345615082106175     
  0.000000000000000E+000   1.81500005722046      -0.303312316514298     
  0.000000000000000E+000   2.11750006675720      -0.268673751559300     
  0.000000000000000E+000   2.42000007629395      -0.239626364313191     
  0.000000000000000E+000   2.72250008583069      -0.215485740441557     
  0.000000000000000E+000   3.02500009536743      -0.195529736142449     
  0.000000000000000E+000   3.32750010490417      -0.178701677239763     
  0.000000000000000E+000   3.63000011444092      -0.163919170541840     
  0.000000000000000E+000   3.93250012397766      -0.149349143421102     
  0.000000000000000E+000   4.23500013351440      -0.136124841358790     
  0.000000000000000E+000   4.53750014305115      -0.123528863411798     
  0.000000000000000E+000   4.84000015258789      -0.112294773763124     
  0.000000000000000E+000   5.14250016212463      -0.102688848814605     
  0.000000000000000E+000   5.44500017166138      -9.467369787978153E-002
  0.000000000000000E+000   5.74750018119812      -8.809527654138040E-002
  0.000000000000000E+000   6.05000019073486      -8.280126319984395E-002
  0.000000000000000E+000   6.35250020027161      -7.853227768830720E-002
  0.000000000000000E+000   6.65500020980835      -7.474450839469249E-002
  0.000000000000000E+000   6.95750021934509      -7.037174544766321E-002
  0.000000000000000E+000   7.26000022888184      -6.521127745833752E-002
  0.302500009536743       0.000000000000000E+000 -0.674808224308955     
  0.302500009536743       0.302500009536743      -0.651401907882552     
  0.302500009536743       0.605000019073486      -0.581739805891755     
  0.302500009536743       0.907500028610229      -0.501285148003177     
  0.302500009536743        1.21000003814697      -0.430234044687978     
  0.302500009536743        1.51250004768372      -0.372090633423316     
  0.302500009536743        1.81500005722046      -0.325091767629621     
  0.302500009536743        2.11750006675720      -0.286557004365372     
  0.302500009536743        2.42000007629395      -0.254145263264684     
  0.302500009536743        2.72250008583069      -0.227064934373362     
  0.302500009536743        3.02500009536743      -0.203987907929874     
  0.302500009536743        3.32750010490417      -0.184233470213548     
  0.302500009536743        3.63000011444092      -0.168311139125841     
  0.302500009536743        3.93250012397766      -0.154389009281422     
  0.302500009536743        4.23500013351440      -0.140891799026082     
  0.302500009536743        4.53750014305115      -0.128031620573514     
  0.302500009536743        4.84000015258789      -0.116447657528906     
  0.302500009536743        5.14250016212463      -0.106518773425888     
  0.302500009536743        5.44500017166138      -9.816401624575966E-002
  0.302500009536743        5.74750018119812      -9.122335321305947E-002
  0.302500009536743        6.05000019073486      -8.556962892066436E-002
  0.302500009536743        6.35250020027161      -8.097557662312015E-002
  0.302500009536743        6.65500020980835      -7.698514395406032E-002
  0.302500009536743        6.95750021934509      -7.274729727998969E-002
  0.302500009536743        7.26000022888184      -6.755530443251430E-002
  0.605000019073486       0.000000000000000E+000 -0.711628048323769     
  0.605000019073486       0.302500009536743      -0.689617203694472     
  0.605000019073486       0.605000019073486      -0.622627939183220     
  0.605000019073486       0.907500028610229      -0.538021511161746     
  0.605000019073486        1.21000003814697      -0.460350598450105     
  0.605000019073486        1.51250004768372      -0.396321798046634     
  0.605000019073486        1.81500005722046      -0.344444124068901     
  0.605000019073486        2.11750006675720      -0.301974877556410     
  0.605000019073486        2.42000007629395      -0.266723945950398     
  0.605000019073486        2.72250008583069      -0.237453332787640     
  0.605000019073486        3.02500009536743      -0.212290948850691     
  0.605000019073486        3.32750010490417      -0.190533055235105     
  0.605000019073486        3.63000011444092      -0.172551272260637     
  0.605000019073486        3.93250012397766      -0.157628993733916     
  0.605000019073486        4.23500013351440      -0.144020021827094     
  0.605000019073486        4.53750014305115      -0.131239920553271     
  0.605000019073486        4.84000015258789      -0.119638402824182     
  0.605000019073486        5.14250016212463      -0.109607455797479     
  0.605000019073486        5.44500017166138      -0.101011185666502     
  0.605000019073486        5.74750018119812      -9.373451174717273E-002
  0.605000019073486        6.05000019073486      -8.768587179439170E-002
  0.605000019073486        6.35250020027161      -8.265590894328760E-002
  0.605000019073486        6.65500020980835      -7.816885891222716E-002
  0.605000019073486        6.95750021934509      -7.351345488205156E-002
  0.605000019073486        7.26000022888184      -6.841503899821069E-002
  0.907500028610229       0.000000000000000E+000 -0.703195096529270     
  0.907500028610229       0.302500009536743      -0.683821518909789     
  0.907500028610229       0.605000019073486      -0.628349263944489     
  0.907500028610229       0.907500028610229      -0.553334462087908     
  0.907500028610229        1.21000003814697      -0.478609123306193     
  0.907500028610229        1.51250004768372      -0.413125484219188     
  0.907500028610229        1.81500005722046      -0.358375435845429     
  0.907500028610229        2.11750006675720      -0.313041868265400     
  0.907500028610229        2.42000007629395      -0.276184497284981     
  0.907500028610229        2.72250008583069      -0.245582566591245     
  0.907500028610229        3.02500009536743      -0.219337543990715     
  0.907500028610229        3.32750010490417      -0.196565866408684     
  0.907500028610229        3.63000011444092      -0.177182093503994     
  0.907500028610229        3.93250012397766      -0.160800723324868     
  0.907500028610229        4.23500013351440      -0.146462756676204     
  0.907500028610229        4.53750014305115      -0.133525855172573     
  0.907500028610229        4.84000015258789      -0.121963071774416     
  0.907500028610229        5.14250016212463      -0.111818741989698     
  0.907500028610229        5.44500017166138      -0.103015176008750     
  0.907500028610229        5.74750018119812      -9.540247643183612E-002
  0.907500028610229        6.05000019073486      -8.891205653789358E-002
  0.907500028610229        6.35250020027161      -8.333421289066498E-002
  0.907500028610229        6.65500020980835      -7.827073628832364E-002
  0.907500028610229        6.95750021934509      -7.324525111311730E-002
  0.907500028610229        7.26000022888184      -6.804622747069004E-002
   1.21000003814697       0.000000000000000E+000 -0.678016262759994     
   1.21000003814697       0.302500009536743      -0.661746330781684     
   1.21000003814697       0.605000019073486      -0.615861395821096     
   1.21000003814697       0.907500028610229      -0.552126974586491     
   1.21000003814697        1.21000003814697      -0.484020989594788     
   1.21000003814697        1.51250004768372      -0.420476171425436     
   1.21000003814697        1.81500005722046      -0.365048418684712     
   1.21000003814697        2.11750006675720      -0.319080657487022     
   1.21000003814697        2.42000007629395      -0.281811020051979     
   1.21000003814697        2.72250008583069      -0.250581415887294     
   1.21000003814697        3.02500009536743      -0.223796021701806     
   1.21000003814697        3.32750010490417      -0.200595334637334     
   1.21000003814697        3.63000011444092      -0.180531234445302     
   1.21000003814697        3.93250012397766      -0.163263066767107     
   1.21000003814697        4.23500013351440      -0.148282821856610     
   1.21000003814697        4.53750014305115      -0.135131103643154     
   1.21000003814697        4.84000015258789      -0.123494980509745     
   1.21000003814697        5.14250016212463      -0.113186993475459     
   1.21000003814697        5.44500017166138      -0.104147248879024     
   1.21000003814697        5.74750018119812      -9.624122778165102E-002
   1.21000003814697        6.05000019073486      -8.935538080699015E-002
   1.21000003814697        6.35250020027161      -8.331971292247214E-002
   1.21000003814697        6.65500020980835      -7.782842164862125E-002
   1.21000003814697        6.95750021934509      -7.254521094584515E-002
   1.21000003814697        7.26000022888184      -6.720541861372269E-002
   1.51250004768372       0.000000000000000E+000 -0.649091370654449     
   1.51250004768372       0.302500009536743      -0.635155655796546     
   1.51250004768372       0.605000019073486      -0.596440324295040     
   1.51250004768372       0.907500028610229      -0.541004812632244     
   1.51250004768372        1.21000003814697      -0.479098426929904     
   1.51250004768372        1.51250004768372      -0.418441761714895     
   1.51250004768372        1.81500005722046      -0.364482647507941     
   1.51250004768372        2.11750006675720      -0.320114355373949     
   1.51250004768372        2.42000007629395      -0.283292003474925     
   1.51250004768372        2.72250008583069      -0.252122413154111     
   1.51250004768372        3.02500009536743      -0.225338273552646     
   1.51250004768372        3.32750010490417      -0.202117036228068     
   1.51250004768372        3.63000011444092      -0.181940421753790     
   1.51250004768372        3.93250012397766      -0.164433019525974     
   1.51250004768372        4.23500013351440      -0.149228185797421     
   1.51250004768372        4.53750014305115      -0.135940942376429     
   1.51250004768372        4.84000015258789      -0.124215775131622     
   1.51250004768372        5.14250016212463      -0.113789684951136     
   1.51250004768372        5.44500017166138      -0.104533612982827     
   1.51250004768372        5.74750018119812      -9.639798499958549E-002
   1.51250004768372        6.05000019073486      -8.923597890107127E-002
   1.51250004768372        6.35250020027161      -8.289013703992726E-002
   1.51250004768372        6.65500020980835      -7.712650240958849E-002
   1.51250004768372        6.95750021934509      -7.165447928568831E-002
   1.51250004768372        7.26000022888184      -6.621723931445138E-002
   1.81500005722046       0.000000000000000E+000 -0.619140208258311     
   1.81500005722046       0.302500009536743      -0.606902648016180     
   1.81500005722046       0.605000019073486      -0.572110884830216     
   1.81500005722046       0.907500028610229      -0.522160306421146     
   1.81500005722046        1.21000003814697      -0.464608557967277     
   1.81500005722046        1.51250004768372      -0.407922809563804     
   1.81500005722046        1.81500005722046      -0.358548728285857     
   1.81500005722046        2.11750006675720      -0.316438371665391     
   1.81500005722046        2.42000007629395      -0.280629506728414     
   1.81500005722046        2.72250008583069      -0.250122340008913     
   1.81500005722046        3.02500009536743      -0.223949318519428     
   1.81500005722046        3.32750010490417      -0.201279414354805     
   1.81500005722046        3.63000011444092      -0.181499317775071     
   1.81500005722046        3.93250012397766      -0.164196839984086     
   1.81500005722046        4.23500013351440      -0.149063240990704     
   1.81500005722046        4.53750014305115      -0.135800047887106     
   1.81500005722046        4.84000015258789      -0.124096087564007     
   1.81500005722046        5.14250016212463      -0.113674763415694     
   1.81500005722046        5.44500017166138      -0.104354130383921     
   1.81500005722046        5.74750018119812      -9.605207173926172E-002
   1.81500005722046        6.05000019073486      -8.871244684313546E-002
   1.81500005722046        6.35250020027161      -8.218463675867475E-002
   1.81500005722046        6.65500020980835      -7.625648395233367E-002
   1.81500005722046        6.95750021934509      -7.067893276046204E-002
   1.81500005722046        7.26000022888184      -6.519586248805773E-002
   2.11750006675720       0.000000000000000E+000 -0.588113879477341     
   2.11750006675720       0.302500009536743      -0.575419095603863     
   2.11750006675720       0.605000019073486      -0.541880844581514     
   2.11750006675720       0.907500028610229      -0.494082509608492     
   2.11750006675720        1.21000003814697      -0.442729614846451     
   2.11750006675720        1.51250004768372      -0.393357535263828     
   2.11750006675720        1.81500005722046      -0.348289539633638     
   2.11750006675720        2.11750006675720      -0.308484363839555     
   2.11750006675720        2.42000007629395      -0.274129640362769     
   2.11750006675720        2.72250008583069      -0.244834358703372     
   2.11750006675720        3.02500009536743      -0.219818106574157     
   2.11750006675720        3.32750010490417      -0.198195745379734     
   2.11750006675720        3.63000011444092      -0.179241904210587     
   2.11750006675720        3.93250012397766      -0.162498742824148     
   2.11750006675720        4.23500013351440      -0.147708078681245     
   2.11750006675720        4.53750014305115      -0.134668837998561     
   2.11750006675720        4.84000015258789      -0.123145180761739     
   2.11750006675720        5.14250016212463      -0.112877104798918     
   2.11750006675720        5.44500017166138      -0.103650395164297     
   2.11750006675720        5.74750018119812      -9.534170245004844E-002
   2.11750006675720        6.05000019073486      -8.789247373257802E-002
   2.11750006675720        6.35250020027161      -8.123625124301376E-002
   2.11750006675720        6.65500020980835      -7.523033868944559E-002
   2.11750006675720        6.95750021934509      -6.962022595713133E-002
   2.11750006675720        7.26000022888184      -6.416243537104101E-002
   2.42000007629395       0.000000000000000E+000 -0.560112568670311     
   2.42000007629395       0.302500009536743      -0.546608039955805     
   2.42000007629395       0.605000019073486      -0.511552129604252     
   2.42000007629395       0.907500028610229      -0.467348788305756     
   2.42000007629395        1.21000003814697      -0.421118161874083     
   2.42000007629395        1.51250004768372      -0.376150987815776     
   2.42000007629395        1.81500005722046      -0.334328047972924     
   2.42000007629395        2.11750006675720      -0.296887961717559     
   2.42000007629395        2.42000007629395      -0.264436396138646     
   2.42000007629395        2.72250008583069      -0.236855256206576     
   2.42000007629395        3.02500009536743      -0.213431719285844     
   2.42000007629395        3.32750010490417      -0.193212694328648     
   2.42000007629395        3.63000011444092      -0.175383228522124     
   2.42000007629395        3.93250012397766      -0.159459434849806     
   2.42000007629395        4.23500013351440      -0.145238421090830     
   2.42000007629395        4.53750014305115      -0.132614676000625     
   2.42000007629395        4.84000015258789      -0.121429553133100     
   2.42000007629395        5.14250016212463      -0.111448479648638     
   2.42000007629395        5.44500017166138      -0.102438714498143     
   2.42000007629395        5.74750018119812      -9.424993079426039E-002
   2.42000007629395        6.05000019073486      -8.682332882885205E-002
   2.42000007629395        6.35250020027161      -8.012964828889527E-002
   2.42000007629395        6.65500020980835      -7.409087814202633E-002
   2.42000007629395        6.95750021934509      -6.852952578659537E-002
   2.42000007629395        7.26000022888184      -6.316075002231203E-002
   2.72250008583069       0.000000000000000E+000 -0.544472518283332     
   2.72250008583069       0.302500009536743      -0.530432963089553     
   2.72250008583069       0.605000019073486      -0.493718293690838     
   2.72250008583069       0.907500028610229      -0.446081440788080     
   2.72250008583069        1.21000003814697      -0.399351239121908     
   2.72250008583069        1.51250004768372      -0.356518829549945     
   2.72250008583069        1.81500005722046      -0.317403459676750     
   2.72250008583069        2.11750006675720      -0.282565958296817     
   2.72250008583069        2.42000007629395      -0.252472534853315     
   2.72250008583069        2.72250008583069      -0.227008962284545     
   2.72250008583069        3.02500009536743      -0.205455954158727     
   2.72250008583069        3.32750010490417      -0.186823767291122     
   2.72250008583069        3.63000011444092      -0.170267983077309     
   2.72250008583069        3.93250012397766      -0.155318259424236     
   2.72250008583069        4.23500013351440      -0.141831416549370     
   2.72250008583069        4.53750014305115      -0.129779269579247     
   2.72250008583069        4.84000015258789      -0.119061963592786     
   2.72250008583069        5.14250016212463      -0.109466381129789     
   2.72250008583069        5.44500017166138      -0.100752951496113     
   2.72250008583069        5.74750018119812      -9.276384138299475E-002
   2.72250008583069        6.05000019073486      -8.545829877515308E-002
   2.72250008583069        6.35250020027161      -7.886139655366928E-002
   2.72250008583069        6.65500020980835      -7.294490102874242E-002
   2.72250008583069        6.95750021934509      -6.755151192288328E-002
   2.72250008583069        7.26000022888184      -6.237799090787408E-002
   3.02500009536743       0.000000000000000E+000 -0.526764394239632     
   3.02500009536743       0.302500009536743      -0.511543707541469     
   3.02500009536743       0.605000019073486      -0.472678996389210     
   3.02500009536743       0.907500028610229      -0.424043155525868     
   3.02500009536743        1.21000003814697      -0.376292257203805     
   3.02500009536743        1.51250004768372      -0.334832344888546     
   3.02500009536743        1.81500005722046      -0.298449306856674     
   3.02500009536743        2.11750006675720      -0.266569455553386     
   3.02500009536743        2.42000007629395      -0.239210607820611     
   3.02500009536743        2.72250008583069      -0.216112181501638     
   3.02500009536743        3.02500009536743      -0.196534226069098     
   3.02500009536743        3.32750010490417      -0.179514898409591     
   3.02500009536743        3.63000011444092      -0.164257135161369     
   3.02500009536743        3.93250012397766      -0.150346749697814     
   3.02500009536743        4.23500013351440      -0.137697021965986     
   3.02500009536743        4.53750014305115      -0.126326674515400     
   3.02500009536743        4.84000015258789      -0.116165524440106     
   3.02500009536743        5.14250016212463      -0.107013361969089     
   3.02500009536743        5.44500017166138      -9.863654666242912E-002
   3.02500009536743        5.74750018119812      -9.089157021016013E-002
   3.02500009536743        6.05000019073486      -8.377449334898113E-002
   3.02500009536743        6.35250020027161      -7.734350620358997E-002
   3.02500009536743        6.65500020980835      -7.157441186600398E-002
   3.02500009536743        6.95750021934509      -6.641930461957844E-002
   3.02500009536743        7.26000022888184      -6.152410672229387E-002
   3.32750010490417       0.000000000000000E+000 -0.498400483784608     
   3.32750010490417       0.302500009536743      -0.484407598076461     
   3.32750010490417       0.605000019073486      -0.445929216077814     
   3.32750010490417       0.907500028610229      -0.397470884303744     
   3.32750010490417        1.21000003814697      -0.351006798985955     
   3.32750010490417        1.51250004768372      -0.311515135667492     
   3.32750010490417        1.81500005722046      -0.278307435400875     
   3.32750010490417        2.11750006675720      -0.249754666896100     
   3.32750010490417        2.42000007629395      -0.225375925218722     
   3.32750010490417        2.72250008583069      -0.204738237963780     
   3.32750010490417        3.02500009536743      -0.187114023104960     
   3.32750010490417        3.32750010490417      -0.171641694973251     
   3.32750010490417        3.63000011444092      -0.157639748220036     
   3.32750010490417        3.93250012397766      -0.144780591633847     
   3.32750010490417        4.23500013351440      -0.133022165572035     
   3.32750010490417        4.53750014305115      -0.122396513590608     
   3.32750010490417        4.84000015258789      -0.112835681828180     
   3.32750010490417        5.14250016212463      -0.104147088297619     
   3.32750010490417        5.44500017166138      -9.611729136416887E-002
   3.32750010490417        5.74750018119812      -8.863596858781206E-002
   3.32750010490417        6.05000019073486      -8.174669394560280E-002
   3.32750010490417        6.35250020027161      -7.547868667084266E-002
   3.32750010490417        6.65500020980835      -6.983828542728601E-002
   3.32750010490417        6.95750021934509      -6.487944028519790E-002
   3.32750010490417        7.26000022888184      -6.021084902827028E-002
   3.63000011444092       0.000000000000000E+000 -0.453040420289073     
   3.63000011444092       0.302500009536743      -0.445668826060924     
   3.63000011444092       0.605000019073486      -0.411232128826445     
   3.63000011444092       0.907500028610229      -0.365796166274850     
   3.63000011444092        1.21000003814697      -0.322745572504044     
   3.63000011444092        1.51250004768372      -0.286747985950649     
   3.63000011444092        1.81500005722046      -0.257433189901207     
   3.63000011444092        2.11750006675720      -0.232552180382138     
   3.63000011444092        2.42000007629395      -0.211297475041667     
   3.63000011444092        2.72250008583069      -0.193136163652848     
   3.63000011444092        3.02500009536743      -0.177408710138958     
   3.63000011444092        3.32750010490417      -0.163410424629606     
   3.63000011444092        3.63000011444092      -0.150617819308584     
   3.63000011444092        3.93250012397766      -0.138802714385560     
   3.63000011444092        4.23500013351440      -0.127952586229298     
   3.63000011444092        4.53750014305115      -0.118087803361610     
   3.63000011444092        4.84000015258789      -0.109127606573987     
   3.63000011444092        5.14250016212463      -0.100890531398175     
   3.63000011444092        5.44500017166138      -9.319794723900264E-002
   3.63000011444092        5.74750018119812      -8.598250509244115E-002
   3.63000011444092        6.05000019073486      -7.932360231374520E-002
   3.63000011444092        6.35250020027161      -7.322676497517853E-002
   3.63000011444092        6.65500020980835      -6.771020733634035E-002
   3.63000011444092        6.95750021934509      -6.288957590512366E-002
   3.63000011444092        7.26000022888184      -5.839568892005920E-002
   3.93250012397766       0.000000000000000E+000 -0.402339374430509     
   3.93250012397766       0.302500009536743      -0.393621008792637     
   3.93250012397766       0.605000019073486      -0.365015045845961     
   3.93250012397766       0.907500028610229      -0.327220239420377     
   3.93250012397766        1.21000003814697      -0.290853552807180     
   3.93250012397766        1.51250004768372      -0.260549115762060     
   3.93250012397766        1.81500005722046      -0.235976032215726     
   3.93250012397766        2.11750006675720      -0.215069960017407     
   3.93250012397766        2.42000007629395      -0.197036091250326     
   3.93250012397766        2.72250008583069      -0.181362775529119     
   3.93250012397766        3.02500009536743      -0.167509655387356     
   3.93250012397766        3.32750010490417      -0.154957138398454     
   3.93250012397766        3.63000011444092      -0.143353172206296     
   3.93250012397766        3.93250012397766      -0.132567783645282     
   3.93250012397766        4.23500013351440      -0.122607836164639     
   3.93250012397766        4.53750014305115      -0.113474060031941     
   3.93250012397766        4.84000015258789      -0.105075634728805     
   3.93250012397766        5.14250016212463      -9.725469565356222E-002
   3.93250012397766        5.44500017166138      -8.988000612082565E-002
   3.93250012397766        5.74750018119812      -8.292604105854318E-002
   3.93250012397766        6.05000019073486      -7.648379805660496E-002
   3.93250012397766        6.35250020027161      -7.057558607875376E-002
   3.93250012397766        6.65500020980835      -6.521069972055313E-002
   3.93250012397766        6.95750021934509      -6.047413200227587E-002
   3.93250012397766        7.26000022888184      -5.605117674757611E-002
   4.23500013351440       0.000000000000000E+000 -0.335408137102364     
   4.23500013351440       0.302500009536743      -0.328553590310651     
   4.23500013351440       0.605000019073486      -0.309090211987150     
   4.23500013351440       0.907500028610229      -0.282894650860733     
   4.23500013351440        1.21000003814697      -0.256248080936308     
   4.23500013351440        1.51250004768372      -0.233508401908731     
   4.23500013351440        1.81500005722046      -0.214235003582849     
   4.23500013351440        2.11750006675720      -0.197466794680092     
   4.23500013351440        2.42000007629395      -0.182693870886735     
   4.23500013351440        2.72250008583069      -0.169519025183210     
   4.23500013351440        3.02500009536743      -0.157546509819422     
   4.23500013351440        3.32750010490417      -0.146441085081409     
   4.23500013351440        3.63000011444092      -0.136013163200183     
   4.23500013351440        3.93250012397766      -0.126223105809727     
   4.23500013351440        4.23500013351440      -0.117096811947768     
   4.23500013351440        4.53750014305115      -0.108625004910562     
   4.23500013351440        4.84000015258789      -0.100723709892778     
   4.23500013351440        5.14250016212463      -9.327516434558385E-002
   4.23500013351440        5.44500017166138      -8.620296763295121E-002
   4.23500013351440        5.74750018119812      -7.951620953156843E-002
   4.23500013351440        6.05000019073486      -7.329041056301337E-002
   4.23500013351440        6.35250020027161      -6.757154511783028E-002
   4.23500013351440        6.65500020980835      -6.233916160874939E-002
   4.23500013351440        6.95750021934509      -5.762948036171062E-002
   4.23500013351440        7.26000022888184      -5.324432402161414E-002
   4.53750014305115       0.000000000000000E+000 -0.268152249795166     
   4.53750014305115       0.302500009536743      -0.264516760970741     
   4.53750014305115       0.605000019073486      -0.254162095788638     
   4.53750014305115       0.907500028610229      -0.239175582776961     
   4.53750014305115        1.21000003814697      -0.222668245333125     
   4.53750014305115        1.51250004768372      -0.207122979167741     
   4.53750014305115        1.81500005722046      -0.193020018486715     
   4.53750014305115        2.11750006675720      -0.180265090286515     
   4.53750014305115        2.42000007629395      -0.168643755288095     
   4.53750014305115        2.72250008583069      -0.157892654153123     
   4.53750014305115        3.02500009536743      -0.147755740403855     
   4.53750014305115        3.32750010490417      -0.138060889369177     
   4.53750014305115        3.63000011444092      -0.128758947889272     
   4.53750014305115        3.93250012397766      -0.119890564737859     
   4.53750014305115        4.23500013351440      -0.111507288067804     
   4.53750014305115        4.53750014305115      -0.103608680074644     
   4.53750014305115        4.84000015258789      -9.613826401164677E-002
   4.53750014305115        5.14250016212463      -8.903043299450993E-002
   4.53750014305115        5.44500017166138      -8.226227295204423E-002
   4.53750014305115        5.74750018119812      -7.586693375330671E-002
   4.53750014305115        6.05000019073486      -6.989975763578686E-002
   4.53750014305115        6.35250020027161      -6.438078643367237E-002
   4.53750014305115        6.65500020980835      -5.927372767128882E-002
   4.53750014305115        6.95750021934509      -5.457564898045817E-002
   4.53750014305115        7.26000022888184      -5.018498048349943E-002
   4.84000015258789       0.000000000000000E+000 -0.214488870401674     
   4.84000015258789       0.302500009536743      -0.213373895634068     
   4.84000015258789       0.605000019073486      -0.209481679037568     
   4.84000015258789       0.907500028610229      -0.202241461964235     
   4.84000015258789        1.21000003814697      -0.193012670001127     
   4.84000015258789        1.51250004768372      -0.183194770643868     
   4.84000015258789        1.81500005722046      -0.173541778943100     
   4.84000015258789        2.11750006675720      -0.164312961821488     
   4.84000015258789        2.42000007629395      -0.155478400564028     
   4.84000015258789        2.72250008583069      -0.146886000387857     
   4.84000015258789        3.02500009536743      -0.138398566786263     
   4.84000015258789        3.32750010490417      -0.129976211439753     
   4.84000015258789        3.63000011444092      -0.121681310526822     
   4.84000015258789        3.93250012397766      -0.113620975375038     
   4.84000015258789        4.23500013351440      -0.105877183480220     
   4.84000015258789        4.53750014305115      -9.847365598293498E-002
   4.84000015258789        4.84000015258789      -9.139413627500462E-002
   4.84000015258789        5.14250016212463      -8.462567894776332E-002
   4.84000015258789        5.44500017166138      -7.818707801765466E-002
   4.84000015258789        5.74750018119812      -7.212034641664619E-002
   4.84000015258789        6.05000019073486      -6.645699466595738E-002
   4.84000015258789        6.35250020027161      -6.118877827277582E-002
   4.84000015258789        6.65500020980835      -5.626866041939539E-002
   4.84000015258789        6.95750021934509      -5.165012024054003E-002
   4.84000015258789        7.26000022888184      -4.731320193754522E-002
   5.14250016212463       0.000000000000000E+000 -0.174642463009605     
   5.14250016212463       0.302500009536743      -0.174793954897098     
   5.14250016212463       0.605000019073486      -0.174293005610146     
   5.14250016212463       0.907500028610229      -0.172570930704848     
   5.14250016212463        1.21000003814697      -0.168682757614258     
   5.14250016212463        1.51250004768372      -0.163191418581949     
   5.14250016212463        1.81500005722046      -0.156941002542536     
   5.14250016212463        2.11750006675720      -0.150410765220304     
   5.14250016212463        2.42000007629395      -0.143713090707521     
   5.14250016212463        2.72250008583069      -0.136791677728066     
   5.14250016212463        3.02500009536743      -0.129605330739688     
   5.14250016212463        3.32750010490417      -0.122211748144490     
   5.14250016212463        3.63000011444092      -0.114750263273977     
   5.14250016212463        3.93250012397766      -0.107372670970429     
   5.14250016212463        4.23500013351440      -0.100185213541288     
   5.14250016212463        4.53750014305115      -9.323769981433871E-002
   5.14250016212463        4.84000015258789      -8.655239670832668E-002
   5.14250016212463        5.14250016212463      -8.015729498405040E-002
   5.14250016212463        5.44500017166138      -7.409376213436558E-002
   5.14250016212463        5.74750018119812      -6.839577030561593E-002
   5.14250016212463        6.05000019073486      -6.306423262037171E-002
   5.14250016212463        6.35250020027161      -5.806377887179712E-002
   5.14250016212463        6.65500020980835      -5.335219588001935E-002
   5.14250016212463        6.95750021934509      -4.891563360212137E-002
   5.14250016212463        7.26000022888184      -4.472610654710574E-002
   5.44500017166138       0.000000000000000E+000 -0.148309520512320     
   5.44500017166138       0.302500009536743      -0.149009387784735     
   5.44500017166138       0.605000019073486      -0.150538829252767     
   5.44500017166138       0.907500028610229      -0.151270933486667     
   5.44500017166138        1.21000003814697      -0.150490799027648     
   5.44500017166138        1.51250004768372      -0.147917649025168     
   5.44500017166138        1.81500005722046      -0.143789414387618     
   5.44500017166138        2.11750006675720      -0.138883967245764     
   5.44500017166138        2.42000007629395      -0.133483060560616     
   5.44500017166138        2.72250008583069      -0.127611123902927     
   5.44500017166138        3.02500009536743      -0.121293071260419     
   5.44500017166138        3.32750010490417      -0.114645034894355     
   5.44500017166138        3.63000011444092      -0.107844035703666     
   5.44500017166138        3.93250012397766      -0.101055419664573     
   5.44500017166138        4.23500013351440      -9.438909697415354E-002
   5.44500017166138        4.53750014305115      -8.790719213812948E-002
   5.44500017166138        4.84000015258789      -8.165671591509373E-002
   5.44500017166138        5.14250016212463      -7.568893462124461E-002
   5.44500017166138        5.44500017166138      -7.004954346869133E-002
   5.44500017166138        5.74750018119812      -6.475230603037384E-002
   5.44500017166138        6.05000019073486      -5.976632547623026E-002
   5.44500017166138        6.35250020027161      -5.506049512473552E-002
   5.44500017166138        6.65500020980835      -5.060725987239095E-002
   5.44500017166138        6.95750021934509      -4.638219289901291E-002
   5.44500017166138        7.26000022888184      -4.238232595110566E-002
   5.74750018119812       0.000000000000000E+000 -0.135061274593775     
   5.74750018119812       0.302500009536743      -0.136380106565596     
   5.74750018119812       0.605000019073486      -0.138916115587190     
   5.74750018119812       0.907500028610229      -0.140421313571515     
   5.74750018119812        1.21000003814697      -0.139849130503478     
   5.74750018119812        1.51250004768372      -0.137477728531653     
   5.74750018119812        1.81500005722046      -0.133839253693767     
   5.74750018119812        2.11750006675720      -0.129407262442558     
   5.74750018119812        2.42000007629395      -0.124476364293973     
   5.74750018119812        2.72250008583069      -0.119074590651299     
   5.74750018119812        3.02500009536743      -0.113239434220779     
   5.74750018119812        3.32750010490417      -0.107103984445947     
   5.74750018119812        3.63000011444092      -0.100849365141954     
   5.74750018119812        3.93250012397766      -9.461989249785653E-002
   5.74750018119812        4.23500013351440      -8.849405572618056E-002
   5.74750018119812        4.53750014305115      -8.252042667973851E-002
   5.74750018119812        4.84000015258789      -7.675392124203599E-002
   5.74750018119812        5.14250016212463      -7.125639462168482E-002
   5.74750018119812        5.44500017166138      -6.606973006221821E-002
   5.74750018119812        5.74750018119812      -6.119033907503492E-002
   5.74750018119812        6.05000019073486      -5.659414350630125E-002
   5.74750018119812        6.35250020027161      -5.224048578941815E-002
   5.74750018119812        6.65500020980835      -4.807655868749957E-002
   5.74750018119812        6.95750021934509      -4.408004197989517E-002
   5.74750018119812        7.26000022888184      -4.026515114425366E-002
   6.05000019073486       0.000000000000000E+000 -0.133432660063267     
   6.05000019073486       0.302500009536743      -0.135072891496117     
   6.05000019073486       0.605000019073486      -0.137442524903992     
   6.05000019073486       0.907500028610229      -0.137311665990983     
   6.05000019073486        1.21000003814697      -0.134688390016326     
   6.05000019073486        1.51250004768372      -0.130692926201410     
   6.05000019073486        1.81500005722046      -0.126068234501256     
   6.05000019073486        2.11750006675720      -0.121181250622834     
   6.05000019073486        2.42000007629395      -0.116151924775905     
   6.05000019073486        2.72250008583069      -0.110851101801354     
   6.05000019073486        3.02500009536743      -0.105251514413998     
   6.05000019073486        3.32750010490417      -9.947775973381505E-002
   6.05000019073486        3.63000011444092      -9.373298343678485E-002
   6.05000019073486        3.93250012397766      -8.811195146673104E-002
   6.05000019073486        4.23500013351440      -8.259561899630778E-002
   6.05000019073486        4.53750014305115      -7.717742795083200E-002
   6.05000019073486        4.84000015258789      -7.191606030830096E-002
   6.05000019073486        5.14250016212463      -6.688932532552792E-002
   6.05000019073486        5.44500017166138      -6.214325993399931E-002
   6.05000019073486        5.74750018119812      -5.769205272650905E-002
   6.05000019073486        6.05000019073486      -5.352102799403542E-002
   6.05000019073486        6.35250020027161      -4.956439770195908E-002
   6.05000019073486        6.65500020980835      -4.573112193016480E-002
   6.05000019073486        6.95750021934509      -4.196768064316679E-002
   6.05000019073486        7.26000022888184      -3.832051119426848E-002
   6.35250020027161       0.000000000000000E+000 -0.139719678662505     
   6.35250020027161       0.302500009536743      -0.141692138972840     
   6.35250020027161       0.605000019073486      -0.141874007257451     
   6.35250020027161       0.907500028610229      -0.137260073482013     
   6.35250020027161        1.21000003814697      -0.130902267072182     
   6.35250020027161        1.51250004768372      -0.124639926324204     
   6.35250020027161        1.81500005722046      -0.118819882292662     
   6.35250020027161        2.11750006675720      -0.113336146252053     
   6.35250020027161        2.42000007629395      -0.108082705836633     
   6.35250020027161        2.72250008583069      -0.102788112341573     
   6.35250020027161        3.02500009536743      -9.731762410105217E-002
   6.35250020027161        3.32750010490417      -9.182243687172006E-002
   6.35250020027161        3.63000011444092      -8.658596182720484E-002
   6.35250020027161        3.93250012397766      -8.168309809894442E-002
   6.35250020027161        4.23500013351440      -7.687363268008827E-002
   6.35250020027161        4.53750014305115      -7.202664359843755E-002
   6.35250020027161        4.84000015258789      -6.723619895794178E-002
   6.35250020027161        5.14250016212463      -6.262275611286536E-002
   6.35250020027161        5.44500017166138      -5.826809344451653E-002
   6.35250020027161        5.74750018119812      -5.422663817194608E-002
   6.35250020027161        6.05000019073486      -5.048251571016385E-002
   6.35250020027161        6.35250020027161      -4.695617579445563E-002
   6.35250020027161        6.65500020980835      -4.350153982261037E-002
   6.35250020027161        6.95750021934509      -3.997466790501841E-002
   6.35250020027161        7.26000022888184      -3.645439869920414E-002
   6.65500020980835       0.000000000000000E+000 -0.144731835600908     
   6.65500020980835       0.302500009536743      -0.147944671482099     
   6.65500020980835       0.605000019073486      -0.143464785497829     
   6.65500020980835       0.907500028610229      -0.133304131014761     
   6.65500020980835        1.21000003814697      -0.124293444156982     
   6.65500020980835        1.51250004768372      -0.117054127107947     
   6.65500020980835        1.81500005722046      -0.110882990124399     
   6.65500020980835        2.11750006675720      -0.105375066942502     
   6.65500020980835        2.42000007629395      -0.100195377700298     
   6.65500020980835        2.72250008583069      -9.507120407377198E-002
   6.65500020980835        3.02500009536743      -8.983944988090259E-002
   6.65500020980835        3.32750010490417      -8.461548280654162E-002
   6.65500020980835        3.63000011444092      -7.991933294799083E-002
   6.65500020980835        3.93250012397766      -7.583185388107837E-002
   6.65500020980835        4.23500013351440      -7.168882832334285E-002
   6.65500020980835        4.53750014305115      -6.725247798934904E-002
   6.65500020980835        4.84000015258789      -6.279190001356103E-002
   6.65500020980835        5.14250016212463      -5.848692961563796E-002
   6.65500020980835        5.44500017166138      -5.445949868125472E-002
   6.65500020980835        5.74750018119812      -5.076978177256315E-002
   6.65500020980835        6.05000019073486      -4.740403924868440E-002
   6.65500020980835        6.35250020027161      -4.428511082100563E-002
   6.65500020980835        6.65500020980835      -4.124001220543746E-002
   6.65500020980835        6.95750021934509      -3.798209735796925E-002
   6.65500020980835        7.26000022888184      -3.453609371205419E-002
   6.95750021934509       0.000000000000000E+000 -0.134229508096881     
   6.95750021934509       0.302500009536743      -0.140963812128145     
   6.95750021934509       0.605000019073486      -0.131341079934004     
   6.95750021934509       0.907500028610229      -0.120939557895869     
   6.95750021934509        1.21000003814697      -0.113815571162467     
   6.95750021934509        1.51250004768372      -0.107887548320847     
   6.95750021934509        1.81500005722046      -0.102455852464728     
   6.95750021934509        2.11750006675720      -9.746552444427077E-002
   6.95750021934509        2.42000007629395      -9.273789264687052E-002
   6.95750021934509        2.72250008583069      -8.810059451927361E-002
   6.95750021934509        3.02500009536743      -8.345963391308849E-002
   6.95750021934509        3.32750010490417      -7.886784113643343E-002
   6.95750021934509        3.63000011444092      -7.483820652567347E-002
   6.95750021934509        3.93250012397766      -7.123338012955388E-002
   6.95750021934509        4.23500013351440      -6.729012922099528E-002
   6.95750021934509        4.53750014305115      -6.293076476417395E-002
   6.95750021934509        4.84000015258789      -5.858637526049231E-002
   6.95750021934509        5.14250016212463      -5.449086296840960E-002
   6.95750021934509        5.44500017166138      -5.072548009028827E-002
   6.95750021934509        5.74750018119812      -4.732013769032536E-002
   6.95750021934509        6.05000019073486      -4.424027875283539E-002
   6.95750021934509        6.35250020027161      -4.140645542762897E-002
   6.95750021934509        6.65500020980835      -3.867170852994845E-002
   6.95750021934509        6.95750021934509      -3.569906215640503E-002
   6.95750021934509        7.26000022888184      -3.230108443591332E-002
   7.26000022888184       0.000000000000000E+000 -0.123402435272681     
   7.26000022888184       0.302500009536743      -0.123407515426160     
   7.26000022888184       0.605000019073486      -0.114930284963473     
   7.26000022888184       0.907500028610229      -0.108719248243721     
   7.26000022888184        1.21000003814697      -0.104057599090240     
   7.26000022888184        1.51250004768372      -9.935519403259455E-002
   7.26000022888184        1.81500005722046      -9.463219011269000E-002
   7.26000022888184        2.11750006675720      -9.017296080637334E-002
   7.26000022888184        2.42000007629395      -8.595068071433536E-002
   7.26000022888184        2.72250008583069      -8.194653759457229E-002
   7.26000022888184        3.02500009536743      -7.818195915337431E-002
   7.26000022888184        3.32750010490417      -7.451868496070727E-002
   7.26000022888184        3.63000011444092      -7.086255146172796E-002
   7.26000022888184        3.93250012397766      -6.699577492666153E-002
   7.26000022888184        4.23500013351440      -6.305960847693468E-002
   7.26000022888184        4.53750014305115      -5.872079829540322E-002
   7.26000022888184        4.84000015258789      -5.448854165323966E-002
   7.26000022888184        5.14250016212463      -5.058648845289928E-002
   7.26000022888184        5.44500017166138      -4.706592817871876E-002
   7.26000022888184        5.74750018119812      -4.389996634534988E-002
   7.26000022888184        6.05000019073486      -4.103558840505624E-002
   7.26000022888184        6.35250020027161      -3.837308296240943E-002
   7.26000022888184        6.65500020980835      -3.576093881215533E-002
   7.26000022888184        6.95750021934509      -3.288994176949097E-002
   7.26000022888184        7.26000022888184      -2.972565831883090E-002
