  0.000000000000000E+000  0.000000000000000E+000 -0.209983115388908     
  0.000000000000000E+000  0.302500009536743      -0.212147090808348     
  0.000000000000000E+000  0.605000019073486      -0.201938635819190     
  0.000000000000000E+000  0.907500028610229      -0.192511522550204     
  0.000000000000000E+000   1.21000003814697      -0.183654727249553     
  0.000000000000000E+000   1.51250004768372      -0.173958308654727     
  0.000000000000000E+000   1.81500005722046      -0.163931847781867     
  0.000000000000000E+000   2.11750006675720      -0.154133163129373     
  0.000000000000000E+000   2.42000007629395      -0.144483059924317     
  0.000000000000000E+000   2.72250008583069      -0.135339554891067     
  0.000000000000000E+000   3.02500009536743      -0.126778354826397     
  0.000000000000000E+000   3.32750010490417      -0.118654144711356     
  0.000000000000000E+000   3.63000011444092      -0.110918753907668     
  0.000000000000000E+000   3.93250012397766      -0.103747686391518     
  0.000000000000000E+000   4.23500013351440      -9.693312763224488E-002
  0.000000000000000E+000   4.53750014305115      -8.958397413373015E-002
  0.000000000000000E+000   4.84000015258789      -8.251545640718211E-002
  0.000000000000000E+000   5.14250016212463      -7.622864293892383E-002
  0.000000000000000E+000   5.44500017166138      -7.086001601130561E-002
  0.000000000000000E+000   5.74750018119812      -6.628349489057164E-002
  0.000000000000000E+000   6.05000019073486      -6.240217340926829E-002
  0.000000000000000E+000   6.35250020027161      -5.904284477289268E-002
  0.000000000000000E+000   6.65500020980835      -5.585185470120647E-002
  0.000000000000000E+000   6.95750021934509      -5.209589139553925E-002
  0.000000000000000E+000   7.26000022888184      -4.770413905865582E-002
  0.302500009536743       0.000000000000000E+000 -0.236416283798309     
  0.302500009536743       0.302500009536743      -0.243784914792429     
  0.302500009536743       0.605000019073486      -0.231986252526008     
  0.302500009536743       0.907500028610229      -0.217504557265491     
  0.302500009536743        1.21000003814697      -0.204891671267593     
  0.302500009536743        1.51250004768372      -0.192573480892078     
  0.302500009536743        1.81500005722046      -0.180453215621301     
  0.302500009536743        2.11750006675720      -0.168678318029193     
  0.302500009536743        2.42000007629395      -0.156999370803167     
  0.302500009536743        2.72250008583069      -0.145744383710848     
  0.302500009536743        3.02500009536743      -0.134708215825891     
  0.302500009536743        3.32750010490417      -0.124053340634260     
  0.302500009536743        3.63000011444092      -0.115261037965204     
  0.302500009536743        3.93250012397766      -0.108549045890656     
  0.302500009536743        4.23500013351440      -0.101819410914220     
  0.302500009536743        4.53750014305115      -9.453281211905341E-002
  0.302500009536743        4.84000015258789      -8.736684238061437E-002
  0.302500009536743        5.14250016212463      -8.085915914433307E-002
  0.302500009536743        5.44500017166138      -7.514630559790614E-002
  0.302500009536743        5.74750018119812      -7.022441124194495E-002
  0.302500009536743        6.05000019073486      -6.605174127484419E-002
  0.302500009536743        6.35250020027161      -6.250015677724048E-002
  0.302500009536743        6.65500020980835      -5.925120100765810E-002
  0.302500009536743        6.95750021934509      -5.541988887995070E-002
  0.302500009536743        7.26000022888184      -5.041367471561582E-002
  0.605000019073486       0.000000000000000E+000 -0.267323216256984     
  0.605000019073486       0.302500009536743      -0.268505212514704     
  0.605000019073486       0.605000019073486      -0.259483674746850     
  0.605000019073486       0.907500028610229      -0.243382350752944     
  0.605000019073486        1.21000003814697      -0.227112246172509     
  0.605000019073486        1.51250004768372      -0.211835167327461     
  0.605000019073486        1.81500005722046      -0.197477746084658     
  0.605000019073486        2.11750006675720      -0.183800119240293     
  0.605000019073486        2.42000007629395      -0.170411658962229     
  0.605000019073486        2.72250008583069      -0.157391663309694     
  0.605000019073486        3.02500009536743      -0.144507680859624     
  0.605000019073486        3.32750010490417      -0.132047142565625     
  0.605000019073486        3.63000011444092      -0.121503746820543     
  0.605000019073486        3.93250012397766      -0.113479216588156     
  0.605000019073486        4.23500013351440      -0.106355963851072     
  0.605000019073486        4.53750014305115      -9.913117831239157E-002
  0.605000019073486        4.84000015258789      -9.200944461429267E-002
  0.605000019073486        5.14250016212463      -8.530767204748244E-002
  0.605000019073486        5.44500017166138      -7.926173293494131E-002
  0.605000019073486        5.74750018119812      -7.395452679884713E-002
  0.605000019073486        6.05000019073486      -6.940056242997855E-002
  0.605000019073486        6.35250020027161      -6.546846015891108E-002
  0.605000019073486        6.65500020980835      -6.170040032572809E-002
  0.605000019073486        6.95750021934509      -5.725169452656520E-002
  0.605000019073486        7.26000022888184      -5.233973066027300E-002
  0.907500028610229       0.000000000000000E+000 -0.286756435312919     
  0.907500028610229       0.302500009536743      -0.285760968024470     
  0.907500028610229       0.605000019073486      -0.278667589853169     
  0.907500028610229       0.907500028610229      -0.264591422688687     
  0.907500028610229        1.21000003814697      -0.247622592003912     
  0.907500028610229        1.51250004768372      -0.230494132381645     
  0.907500028610229        1.81500005722046      -0.214269168589178     
  0.907500028610229        2.11750006675720      -0.198977945887424     
  0.907500028610229        2.42000007629395      -0.184312999430751     
  0.907500028610229        2.72250008583069      -0.170053271172662     
  0.907500028610229        3.02500009536743      -0.156046956419347     
  0.907500028610229        3.32750010490417      -0.142633217168940     
  0.907500028610229        3.63000011444092      -0.130671697272995     
  0.907500028610229        3.93250012397766      -0.120671690356551     
  0.907500028610229        4.23500013351440      -0.112090548374636     
  0.907500028610229        4.53750014305115      -0.104221664416464     
  0.907500028610229        4.84000015258789      -9.670213395999033E-002
  0.907500028610229        5.14250016212463      -8.958865857576086E-002
  0.907500028610229        5.44500017166138      -8.310884347790826E-002
  0.907500028610229        5.74750018119812      -7.731590289377192E-002
  0.907500028610229        6.05000019073486      -7.221746205025768E-002
  0.907500028610229        6.35250020027161      -6.764212991391357E-002
  0.907500028610229        6.65500020980835      -6.317081904823380E-002
  0.907500028610229        6.95750021934509      -5.836217963615298E-002
  0.907500028610229        7.26000022888184      -5.352570479017710E-002
   1.21000003814697       0.000000000000000E+000 -0.315111738317653     
   1.21000003814697       0.302500009536743      -0.312682964438708     
   1.21000003814697       0.605000019073486      -0.304313582629854     
   1.21000003814697       0.907500028610229      -0.289512843898262     
   1.21000003814697        1.21000003814697      -0.270726994214257     
   1.21000003814697        1.51250004768372      -0.250944463517610     
   1.21000003814697        1.81500005722046      -0.232164146428444     
   1.21000003814697        2.11750006675720      -0.214768833164577     
   1.21000003814697        2.42000007629395      -0.198414246885915     
   1.21000003814697        2.72250008583069      -0.182903186387491     
   1.21000003814697        3.02500009536743      -0.167922074827974     
   1.21000003814697        3.32750010490417      -0.153557230264841     
   1.21000003814697        3.63000011444092      -0.140305793605436     
   1.21000003814697        3.93250012397766      -0.128622530088231     
   1.21000003814697        4.23500013351440      -0.118520104914966     
   1.21000003814697        4.53750014305115      -0.109580491638754     
   1.21000003814697        4.84000015258789      -0.101375409354271     
   1.21000003814697        5.14250016212463      -9.372763639994976E-002
   1.21000003814697        5.44500017166138      -8.669995572648291E-002
   1.21000003814697        5.74750018119812      -8.035878516491532E-002
   1.21000003814697        6.05000019073486      -7.468466848142971E-002
   1.21000003814697        6.35250020027161      -6.952046564230903E-002
   1.21000003814697        6.65500020980835      -6.456218278787421E-002
   1.21000003814697        6.95750021934509      -5.958277056441999E-002
   1.21000003814697        7.26000022888184      -5.469819476349552E-002
   1.51250004768372       0.000000000000000E+000 -0.367232226152536     
   1.51250004768372       0.302500009536743      -0.362744353300235     
   1.51250004768372       0.605000019073486      -0.349501821429748     
   1.51250004768372       0.907500028610229      -0.328900138676416     
   1.51250004768372        1.21000003814697      -0.303891026667700     
   1.51250004768372        1.51250004768372      -0.278157689699578     
   1.51250004768372        1.81500005722046      -0.254160252371952     
   1.51250004768372        2.11750006675720      -0.232244304047781     
   1.51250004768372        2.42000007629395      -0.212862298006923     
   1.51250004768372        2.72250008583069      -0.195473737593853     
   1.51250004768372        3.02500009536743      -0.179240099912856     
   1.51250004768372        3.32750010490417      -0.163765678390748     
   1.51250004768372        3.63000011444092      -0.149253828918652     
   1.51250004768372        3.93250012397766      -0.136160762740771     
   1.51250004768372        4.23500013351440      -0.124726886123807     
   1.51250004768372        4.53750014305115      -0.114777071506566     
   1.51250004768372        4.84000015258789      -0.105891078371404     
   1.51250004768372        5.14250016212463      -9.771586667686341E-002
   1.51250004768372        5.44500017166138      -9.014784688461237E-002
   1.51250004768372        5.74750018119812      -8.326698922455658E-002
   1.51250004768372        6.05000019073486      -7.710237126735631E-002
   1.51250004768372        6.35250020027161      -7.153088154051200E-002
   1.51250004768372        6.65500020980835      -6.630956216669900E-002
   1.51250004768372        6.95750021934509      -6.122878606877696E-002
   1.51250004768372        7.26000022888184      -5.624706044050189E-002
   1.81500005722046       0.000000000000000E+000 -0.453040420289070     
   1.81500005722046       0.302500009536743      -0.445081689300685     
   1.81500005722046       0.605000019073486      -0.423031765236183     
   1.81500005722046       0.907500028610229      -0.390724982815820     
   1.81500005722046        1.21000003814697      -0.353718872539893     
   1.81500005722046        1.51250004768372      -0.316690184693295     
   1.81500005722046        1.81500005722046      -0.282206107310207     
   1.81500005722046        2.11750006675720      -0.252578255423033     
   1.81500005722046        2.42000007629395      -0.228166297259017     
   1.81500005722046        2.72250008583069      -0.207783438752191     
   1.81500005722046        3.02500009536743      -0.189799642428564     
   1.81500005722046        3.32750010490417      -0.173091108485134     
   1.81500005722046        3.63000011444092      -0.157405233315808     
   1.81500005722046        3.93250012397766      -0.143086628063186     
   1.81500005722046        4.23500013351440      -0.130504621683711     
   1.81500005722046        4.53750014305115      -0.119648340119952     
   1.81500005722046        4.84000015258789      -0.110133091580795     
   1.81500005722046        5.14250016212463      -0.101504764903664     
   1.81500005722046        5.44500017166138      -9.352926587734472E-002
   1.81500005722046        5.74750018119812      -8.623174617838633E-002
   1.81500005722046        6.05000019073486      -7.970122113867166E-002
   1.81500005722046        6.35250020027161      -7.389203796141407E-002
   1.81500005722046        6.65500020980835      -6.857131812049942E-002
   1.81500005722046        6.95750021934509      -6.345981679974429E-002
   1.81500005722046        7.26000022888184      -5.839583988103760E-002
   2.11750006675720       0.000000000000000E+000 -0.583649986054881     
   2.11750006675720       0.302500009536743      -0.569840826253948     
   2.11750006675720       0.605000019073486      -0.532273450870764     
   2.11750006675720       0.907500028610229      -0.480258627992497     
   2.11750006675720        1.21000003814697      -0.422571203645386     
   2.11750006675720        1.51250004768372      -0.366523592744788     
   2.11750006675720        1.81500005722046      -0.317070255604324     
   2.11750006675720        2.11750006675720      -0.276540222603590     
   2.11750006675720        2.42000007629395      -0.244815598895205     
   2.11750006675720        2.72250008583069      -0.219996500929319     
   2.11750006675720        3.02500009536743      -0.199533121285615     
   2.11750006675720        3.32750010490417      -0.181378507210629     
   2.11750006675720        3.63000011444092      -0.164603771223837     
   2.11750006675720        3.93250012397766      -0.149251392737064     
   2.11750006675720        4.23500013351440      -0.135696930046069     
   2.11750006675720        4.53750014305115      -0.124052119808700     
   2.11750006675720        4.84000015258789      -0.113995194397621     
   2.11750006675720        5.14250016212463      -0.105020155718348     
   2.11750006675720        5.44500017166138      -9.678916284002907E-002
   2.11750006675720        5.74750018119812      -8.926752405027499E-002
   2.11750006675720        6.05000019073486      -8.256924632476398E-002
   2.11750006675720        6.35250020027161      -7.669738828366048E-002
   2.11750006675720        6.65500020980835      -7.142419698914707E-002
   2.11750006675720        6.95750021934509      -6.639672517951867E-002
   2.11750006675720        7.26000022888184      -6.130809253376131E-002
   2.42000007629395       0.000000000000000E+000 -0.778643013041646     
   2.42000007629395       0.302500009536743      -0.752928313816986     
   2.42000007629395       0.605000019073486      -0.684881536702586     
   2.42000007629395       0.907500028610229      -0.596897342998072     
   2.42000007629395        1.21000003814697      -0.507358894700800     
   2.42000007629395        1.51250004768372      -0.426248661639454     
   2.42000007629395        1.81500005722046      -0.357956983405017     
   2.42000007629395        2.11750006675720      -0.303770554521217     
   2.42000007629395        2.42000007629395      -0.262723742286911     
   2.42000007629395        2.72250008583069      -0.232094661044040     
   2.42000007629395        3.02500009536743      -0.208368018210518     
   2.42000007629395        3.32750010490417      -0.188475401173740     
   2.42000007629395        3.63000011444092      -0.170648446334762     
   2.42000007629395        3.93250012397766      -0.154449067074113     
   2.42000007629395        4.23500013351440      -0.140124128237829     
   2.42000007629395        4.53750014305115      -0.127848375615165     
   2.42000007629395        4.84000015258789      -0.117369850382904     
   2.42000007629395        5.14250016212463      -0.108166504461989     
   2.42000007629395        5.44500017166138      -9.982376947748511E-002
   2.42000007629395        5.74750018119812      -9.225116898568159E-002
   2.42000007629395        6.05000019073486      -8.557958468541628E-002
   2.42000007629395        6.35250020027161      -7.987262928315364E-002
   2.42000007629395        6.65500020980835      -7.490419291019904E-002
   2.42000007629395        6.95750021934509      -7.017892082444517E-002
   2.42000007629395        7.26000022888184      -6.520346085797636E-002
   2.72250008583069       0.000000000000000E+000  -1.03703466136379     
   2.72250008583069       0.302500009536743      -0.995708694060434     
   2.72250008583069       0.605000019073486      -0.885756172011731     
   2.72250008583069       0.907500028610229      -0.741781475210675     
   2.72250008583069        1.21000003814697      -0.604807743852242     
   2.72250008583069        1.51250004768372      -0.491694417251674     
   2.72250008583069        1.81500005722046      -0.401547416958801     
   2.72250008583069        2.11750006675720      -0.332159853330138     
   2.72250008583069        2.42000007629395      -0.280764328808717     
   2.72250008583069        2.72250008583069      -0.243568551702850     
   2.72250008583069        3.02500009536743      -0.216089127284016     
   2.72250008583069        3.32750010490417      -0.194252575466718     
   2.72250008583069        3.63000011444092      -0.175405726063976     
   2.72250008583069        3.93250012397766      -0.158531368748882     
   2.72250008583069        4.23500013351440      -0.143643882270371     
   2.72250008583069        4.53750014305115      -0.130914981656566     
   2.72250008583069        4.84000015258789      -0.120148307764084     
   2.72250008583069        5.14250016212463      -0.110827076988107     
   2.72250008583069        5.44500017166138      -0.102489723767513     
   2.72250008583069        5.74750018119812      -9.501370328362423E-002
   2.72250008583069        6.05000019073486      -8.857452494703980E-002
   2.72250008583069        6.35250020027161      -8.334922753831682E-002
   2.72250008583069        6.65500020980835      -7.901613436222593E-002
   2.72250008583069        6.95750021934509      -7.483180239305105E-002
   2.72250008583069        7.26000022888184      -7.012224088326982E-002
   3.02500009536743       0.000000000000000E+000  -1.31891574981820     
   3.02500009536743       0.302500009536743       -1.26153419584565     
   3.02500009536743       0.605000019073486       -1.10441203618986     
   3.02500009536743       0.907500028610229      -0.900088905750592     
   3.02500009536743        1.21000003814697      -0.704574790982266     
   3.02500009536743        1.51250004768372      -0.554142157073786     
   3.02500009536743        1.81500005722046      -0.441714358226532     
   3.02500009536743        2.11750006675720      -0.357818118484396     
   3.02500009536743        2.42000007629395      -0.296727211244724     
   3.02500009536743        2.72250008583069      -0.253335096507735     
   3.02500009536743        3.02500009536743      -0.222260682120187     
   3.02500009536743        3.32750010490417      -0.198566613312823     
   3.02500009536743        3.63000011444092      -0.178815153102142     
   3.02500009536743        3.93250012397766      -0.161434878762586     
   3.02500009536743        4.23500013351440      -0.146175664127412     
   3.02500009536743        4.53750014305115      -0.133160797100191     
   3.02500009536743        4.84000015258789      -0.122226337012367     
   3.02500009536743        5.14250016212463      -0.112869057543753     
   3.02500009536743        5.44500017166138      -0.104607740445554     
   3.02500009536743        5.74750018119812      -9.732310436046712E-002
   3.02500009536743        6.05000019073486      -9.129909552464434E-002
   3.02500009536743        6.35250020027161      -8.680083412839200E-002
   3.02500009536743        6.65500020980835      -8.321420210001987E-002
   3.02500009536743        6.95750021934509      -7.973382664350831E-002
   3.02500009536743        7.26000022888184      -7.538332094888169E-002
   3.32750010490417       0.000000000000000E+000  -1.53499949151036     
   3.32750010490417       0.302500009536743       -1.47209459303940     
   3.32750010490417       0.605000019073486       -1.28300830770141     
   3.32750010490417       0.907500028610229       -1.02647635516149     
   3.32750010490417        1.21000003814697      -0.784645432205666     
   3.32750010490417        1.51250004768372      -0.600618958755681     
   3.32750010490417        1.81500005722046      -0.470573189227893     
   3.32750010490417        2.11750006675720      -0.375954282968369     
   3.32750010490417        2.42000007629395      -0.307865326044154     
   3.32750010490417        2.72250008583069      -0.259999894233977     
   3.32750010490417        3.02500009536743      -0.226305297269578     
   3.32750010490417        3.32750010490417      -0.201251928087766     
   3.32750010490417        3.63000011444092      -0.180860297527982     
   3.32750010490417        3.93250012397766      -0.163159963281452     
   3.32750010490417        4.23500013351440      -0.147692902661489     
   3.32750010490417        4.53750014305115      -0.134527993751239     
   3.32750010490417        4.84000015258789      -0.123514501639458     
   3.32750010490417        5.14250016212463      -0.114161329626538     
   3.32750010490417        5.44500017166138      -0.105984958643534     
   3.32750010490417        5.74750018119812      -9.889212960900891E-002
   3.32750010490417        6.05000019073486      -9.331251602667701E-002
   3.32750010490417        6.35250020027161      -8.938545614560314E-002
   3.32750010490417        6.65500020980835      -8.646589831257670E-002
   3.32750010490417        6.95750021934509      -8.349300979964788E-002
   3.32750010490417        7.26000022888184      -7.933004380971538E-002
   3.63000011444092       0.000000000000000E+000  -1.67344451954612     
   3.63000011444092       0.302500009536743       -1.55211450825479     
   3.63000011444092       0.605000019073486       -1.35223581887611     
   3.63000011444092       0.907500028610229       -1.07532889603323     
   3.63000011444092        1.21000003814697      -0.815478906895773     
   3.63000011444092        1.51250004768372      -0.618028787878117     
   3.63000011444092        1.81500005722046      -0.481139141024189     
   3.63000011444092        2.11750006675720      -0.382529697356031     
   3.63000011444092        2.42000007629395      -0.311877890512957     
   3.63000011444092        2.72250008583069      -0.262376889272728     
   3.63000011444092        3.02500009536743      -0.227720139356114     
   3.63000011444092        3.32750010490417      -0.202166032292975     
   3.63000011444092        3.63000011444092      -0.181541505016258     
   3.63000011444092        3.93250012397766      -0.163730756037329     
   3.63000011444092        4.23500013351440      -0.148197238493463     
   3.63000011444092        4.53750014305115      -0.134986735731082     
   3.63000011444092        4.84000015258789      -0.123951224603934     
   3.63000011444092        5.14250016212463      -0.114604553960390     
   3.63000011444092        5.44500017166138      -0.106464545867786     
   3.63000011444092        5.74750018119812      -9.945311358810020E-002
   3.63000011444092        6.05000019073486      -9.405715511281496E-002
   3.63000011444092        6.35250020027161      -9.035135607136185E-002
   3.63000011444092        6.65500020980835      -8.768627938437089E-002
   3.63000011444092        6.95750021934509      -8.491803733603479E-002
   3.63000011444092        7.26000022888184      -8.175778165751886E-002
   3.93250012397766       0.000000000000000E+000  -1.53500364909664     
   3.93250012397766       0.302500009536743       -1.47209797460260     
   3.93250012397766       0.605000019073486       -1.28301070901276     
   3.93250012397766       0.907500028610229       -1.02647845141596     
   3.93250012397766        1.21000003814697      -0.784646824230326     
   3.93250012397766        1.51250004768372      -0.600619734651039     
   3.93250012397766        1.81500005722046      -0.470573724634840     
   3.93250012397766        2.11750006675720      -0.375954675731008     
   3.93250012397766        2.42000007629395      -0.307865603507763     
   3.93250012397766        2.72250008583069      -0.260000036073255     
   3.93250012397766        3.02500009536743      -0.226305408007274     
   3.93250012397766        3.32750010490417      -0.201251994044827     
   3.93250012397766        3.63000011444092      -0.180860339830981     
   3.93250012397766        3.93250012397766      -0.163159988081102     
   3.93250012397766        4.23500013351440      -0.147692917322419     
   3.93250012397766        4.53750014305115      -0.134527999677507     
   3.93250012397766        4.84000015258789      -0.123514513456710     
   3.93250012397766        5.14250016212463      -0.114161340860195     
   3.93250012397766        5.44500017166138      -0.105984965853812     
   3.93250012397766        5.74750018119812      -9.889214591466070E-002
   3.93250012397766        6.05000019073486      -9.331252598734525E-002
   3.93250012397766        6.35250020027161      -8.938545571249992E-002
   3.93250012397766        6.65500020980835      -8.646588607577221E-002
   3.93250012397766        6.95750021934509      -8.349300375221515E-002
   3.93250012397766        7.26000022888184      -7.933000895331679E-002
   4.23500013351440       0.000000000000000E+000  -1.31892297648923     
   4.23500013351440       0.302500009536743       -1.26153949482090     
   4.23500013351440       0.605000019073486       -1.10441666509256     
   4.23500013351440       0.907500028610229      -0.900092294836772     
   4.23500013351440        1.21000003814697      -0.704576964009077     
   4.23500013351440        1.51250004768372      -0.554143502710467     
   4.23500013351440        1.81500005722046      -0.441715296405791     
   4.23500013351440        2.11750006675720      -0.357818799695457     
   4.23500013351440        2.42000007629395      -0.296727666386665     
   4.23500013351440        2.72250008583069      -0.253335402733508     
   4.23500013351440        3.02500009536743      -0.222260883727785     
   4.23500013351440        3.32750010490417      -0.198566732108342     
   4.23500013351440        3.63000011444092      -0.178815212409905     
   4.23500013351440        3.93250012397766      -0.161434935027266     
   4.23500013351440        4.23500013351440      -0.146175690586522     
   4.23500013351440        4.53750014305115      -0.133160827653530     
   4.23500013351440        4.84000015258789      -0.122226362293218     
   4.23500013351440        5.14250016212463      -0.112869069556613     
   4.23500013351440        5.44500017166138      -0.104607763231285     
   4.23500013351440        5.74750018119812      -9.732312642094000E-002
   4.23500013351440        6.05000019073486      -9.129912808645113E-002
   4.23500013351440        6.35250020027161      -8.680084991571856E-002
   4.23500013351440        6.65500020980835      -8.321420283215943E-002
   4.23500013351440        6.95750021934509      -7.973381495204533E-002
   4.23500013351440        7.26000022888184      -7.538329618582749E-002
   4.53750014305115       0.000000000000000E+000  -1.03704192576922     
   4.53750014305115       0.302500009536743      -0.995715195534858     
   4.53750014305115       0.605000019073486      -0.885761208431397     
   4.53750014305115       0.907500028610229      -0.741785072745149     
   4.53750014305115        1.21000003814697      -0.604810009341922     
   4.53750014305115        1.51250004768372      -0.491695972144770     
   4.53750014305115        1.81500005722046      -0.401548512841014     
   4.53750014305115        2.11750006675720      -0.332160654048405     
   4.53750014305115        2.42000007629395      -0.280764885943259     
   4.53750014305115        2.72250008583069      -0.243568903355935     
   4.53750014305115        3.02500009536743      -0.216089346574307     
   4.53750014305115        3.32750010490417      -0.194252732218054     
   4.53750014305115        3.63000011444092      -0.175405805158250     
   4.53750014305115        3.93250012397766      -0.158531438917972     
   4.53750014305115        4.23500013351440      -0.143643940354427     
   4.53750014305115        4.53750014305115      -0.130915009798615     
   4.53750014305115        4.84000015258789      -0.120148325078603     
   4.53750014305115        5.14250016212463      -0.110827096131047     
   4.53750014305115        5.44500017166138      -0.102489739304610     
   4.53750014305115        5.74750018119812      -9.501372816985308E-002
   4.53750014305115        6.05000019073486      -8.857455783456904E-002
   4.53750014305115        6.35250020027161      -8.334926003616601E-002
   4.53750014305115        6.65500020980835      -7.901617218925272E-002
   4.53750014305115        6.95750021934509      -7.483184311802178E-002
   4.53750014305115        7.26000022888184      -7.012226492197790E-002
   4.84000015258789       0.000000000000000E+000 -0.778648578815335     
   4.84000015258789       0.302500009536743      -0.752933519183360     
   4.84000015258789       0.605000019073486      -0.684885530467507     
   4.84000015258789       0.907500028610229      -0.596900241707997     
   4.84000015258789        1.21000003814697      -0.507360956032343     
   4.84000015258789        1.51250004768372      -0.426250169094291     
   4.84000015258789        1.81500005722046      -0.357958058922631     
   4.84000015258789        2.11750006675720      -0.303771318820510     
   4.84000015258789        2.42000007629395      -0.262724291197626     
   4.84000015258789        2.72250008583069      -0.232095055634263     
   4.84000015258789        3.02500009536743      -0.208368233763059     
   4.84000015258789        3.32750010490417      -0.188475549062608     
   4.84000015258789        3.63000011444092      -0.170648568905903     
   4.84000015258789        3.93250012397766      -0.154449157678779     
   4.84000015258789        4.23500013351440      -0.140124196621444     
   4.84000015258789        4.53750014305115      -0.127848395338897     
   4.84000015258789        4.84000015258789      -0.117369865427738     
   4.84000015258789        5.14250016212463      -0.108166517588825     
   4.84000015258789        5.44500017166138      -9.982378213695882E-002
   4.84000015258789        5.74750018119812      -9.225118634144705E-002
   4.84000015258789        6.05000019073486      -8.557961296046769E-002
   4.84000015258789        6.35250020027161      -7.987265952446894E-002
   4.84000015258789        6.65500020980835      -7.490421699797113E-002
   4.84000015258789        6.95750021934509      -7.017894834934736E-002
   4.84000015258789        7.26000022888184      -6.520346036603122E-002
   5.14250016212463       0.000000000000000E+000 -0.583653445933797     
   5.14250016212463       0.302500009536743      -0.569844059173213     
   5.14250016212463       0.605000019073486      -0.532276153055819     
   5.14250016212463       0.907500028610229      -0.480260879459465     
   5.14250016212463        1.21000003814697      -0.422572913052750     
   5.14250016212463        1.51250004768372      -0.366524847752830     
   5.14250016212463        1.81500005722046      -0.317071199063925     
   5.14250016212463        2.11750006675720      -0.276540884798739     
   5.14250016212463        2.42000007629395      -0.244816064701837     
   5.14250016212463        2.72250008583069      -0.219996795896414     
   5.14250016212463        3.02500009536743      -0.199533334240946     
   5.14250016212463        3.32750010490417      -0.181378647077081     
   5.14250016212463        3.63000011444092      -0.164603887009156     
   5.14250016212463        3.93250012397766      -0.149251466262050     
   5.14250016212463        4.23500013351440      -0.135697004058825     
   5.14250016212463        4.53750014305115      -0.124052153852869     
   5.14250016212463        4.84000015258789      -0.113995189669191     
   5.14250016212463        5.14250016212463      -0.105020158528166     
   5.14250016212463        5.44500017166138      -9.678916579457490E-002
   5.14250016212463        5.74750018119812      -8.926751686180749E-002
   5.14250016212463        6.05000019073486      -8.256925511461818E-002
   5.14250016212463        6.35250020027161      -7.669740245936914E-002
   5.14250016212463        6.65500020980835      -7.142419211086611E-002
   5.14250016212463        6.95750021934509      -6.639669735197841E-002
   5.14250016212463        7.26000022888184      -6.130803304185899E-002
   5.44500017166138       0.000000000000000E+000 -0.453042162433130     
   5.44500017166138       0.302500009536743      -0.445083500568501     
   5.44500017166138       0.605000019073486      -0.423033474647818     
   5.44500017166138       0.907500028610229      -0.390726602545869     
   5.44500017166138        1.21000003814697      -0.353720205549914     
   5.44500017166138        1.51250004768372      -0.316691254612351     
   5.44500017166138        1.81500005722046      -0.282206870225004     
   5.44500017166138        2.11750006675720      -0.252578778421868     
   5.44500017166138        2.42000007629395      -0.228166641275184     
   5.44500017166138        2.72250008583069      -0.207783675068057     
   5.44500017166138        3.02500009536743      -0.189799794903385     
   5.44500017166138        3.32750010490417      -0.173091227730605     
   5.44500017166138        3.63000011444092      -0.157405358467641     
   5.44500017166138        3.93250012397766      -0.143086704462501     
   5.44500017166138        4.23500013351440      -0.130504688573793     
   5.44500017166138        4.53750014305115      -0.119648360342357     
   5.44500017166138        4.84000015258789      -0.110133089397665     
   5.44500017166138        5.14250016212463      -0.101504757885516     
   5.44500017166138        5.44500017166138      -9.352924695450550E-002
   5.44500017166138        5.74750018119812      -8.623172596243953E-002
   5.44500017166138        6.05000019073486      -7.970120721107619E-002
   5.44500017166138        6.35250020027161      -7.389201797126362E-002
   5.44500017166138        6.65500020980835      -6.857129399021143E-002
   5.44500017166138        6.95750021934509      -6.345976173952286E-002
   5.44500017166138        7.26000022888184      -5.839575287981850E-002
   5.74750018119812       0.000000000000000E+000 -0.367232839083158     
   5.74750018119812       0.302500009536743      -0.362745232613399     
   5.74750018119812       0.605000019073486      -0.349502840404910     
   5.74750018119812       0.907500028610229      -0.328901119274799     
   5.74750018119812        1.21000003814697      -0.303891949869225     
   5.74750018119812        1.51250004768372      -0.278158454447426     
   5.74750018119812        1.81500005722046      -0.254160823160320     
   5.74750018119812        2.11750006675720      -0.232244651397235     
   5.74750018119812        2.42000007629395      -0.212862541535974     
   5.74750018119812        2.72250008583069      -0.195473929001693     
   5.74750018119812        3.02500009536743      -0.179240221993852     
   5.74750018119812        3.32750010490417      -0.163765806861005     
   5.74750018119812        3.63000011444092      -0.149253942770060     
   5.74750018119812        3.93250012397766      -0.136160853405648     
   5.74750018119812        4.23500013351440      -0.124726954568472     
   5.74750018119812        4.53750014305115      -0.114777106629629     
   5.74750018119812        4.84000015258789      -0.105891070451897     
   5.74750018119812        5.14250016212463      -9.771581542141755E-002
   5.74750018119812        5.44500017166138      -9.014780458473830E-002
   5.74750018119812        5.74750018119812      -8.326694133025299E-002
   5.74750018119812        6.05000019073486      -7.710231655177383E-002
   5.74750018119812        6.35250020027161      -7.153082575905055E-002
   5.74750018119812        6.65500020980835      -6.630950333713895E-002
   5.74750018119812        6.95750021934509      -6.122871039281142E-002
   5.74750018119812        7.26000022888184      -5.624695968103851E-002
   6.05000019073486       0.000000000000000E+000 -0.315111629977304     
   6.05000019073486       0.302500009536743      -0.312683254703897     
   6.05000019073486       0.605000019073486      -0.304314043953335     
   6.05000019073486       0.907500028610229      -0.289513498347419     
   6.05000019073486        1.21000003814697      -0.270727646157703     
   6.05000019073486        1.51250004768372      -0.250945074905825     
   6.05000019073486        1.81500005722046      -0.232164600782059     
   6.05000019073486        2.11750006675720      -0.214769136529823     
   6.05000019073486        2.42000007629395      -0.198414469559620     
   6.05000019073486        2.72250008583069      -0.182903346945273     
   6.05000019073486        3.02500009536743      -0.167922165256753     
   6.05000019073486        3.32750010490417      -0.153557314199827     
   6.05000019073486        3.63000011444092      -0.140305845759225     
   6.05000019073486        3.93250012397766      -0.128622594155934     
   6.05000019073486        4.23500013351440      -0.118520141614509     
   6.05000019073486        4.53750014305115      -0.109580506419330     
   6.05000019073486        4.84000015258789      -0.101375393380803     
   6.05000019073486        5.14250016212463      -9.372759229800448E-002
   6.05000019073486        5.44500017166138      -8.669989193362992E-002
   6.05000019073486        5.74750018119812      -8.035871040985230E-002
   6.05000019073486        6.05000019073486      -7.468457848829280E-002
   6.05000019073486        6.35250020027161      -6.952035824590060E-002
   6.05000019073486        6.65500020980835      -6.456206137793703E-002
   6.05000019073486        6.95750021934509      -5.958265764838795E-002
   6.05000019073486        7.26000022888184      -5.469806759407321E-002
   6.35250020027161       0.000000000000000E+000 -0.286755912149536     
   6.35250020027161       0.302500009536743      -0.285760824619287     
   6.35250020027161       0.605000019073486      -0.278667905024857     
   6.35250020027161       0.907500028610229      -0.264591967190943     
   6.35250020027161        1.21000003814697      -0.247623179271269     
   6.35250020027161        1.51250004768372      -0.230494623138143     
   6.35250020027161        1.81500005722046      -0.214269580642669     
   6.35250020027161        2.11750006675720      -0.198978248549998     
   6.35250020027161        2.42000007629395      -0.184313221732967     
   6.35250020027161        2.72250008583069      -0.170053379393060     
   6.35250020027161        3.02500009536743      -0.156047038789441     
   6.35250020027161        3.32750010490417      -0.142633297101327     
   6.35250020027161        3.63000011444092      -0.130671741289815     
   6.35250020027161        3.93250012397766      -0.120671724754863     
   6.35250020027161        4.23500013351440      -0.112090548108878     
   6.35250020027161        4.53750014305115      -0.104221654266780     
   6.35250020027161        4.84000015258789      -9.670211097971255E-002
   6.35250020027161        5.14250016212463      -8.958860447958279E-002
   6.35250020027161        5.44500017166138      -8.310877226605649E-002
   6.35250020027161        5.74750018119812      -7.731583004084276E-002
   6.35250020027161        6.05000019073486      -7.221737354976367E-002
   6.35250020027161        6.35250020027161      -6.764200320249061E-002
   6.35250020027161        6.65500020980835      -6.317066708406954E-002
   6.35250020027161        6.95750021934509      -5.836201606821594E-002
   6.35250020027161        7.26000022888184      -5.352554328879179E-002
   6.65500020980835       0.000000000000000E+000 -0.267322879529854     
   6.65500020980835       0.302500009536743      -0.268505243858758     
   6.65500020980835       0.605000019073486      -0.259484140903390     
   6.65500020980835       0.907500028610229      -0.243383128570833     
   6.65500020980835        1.21000003814697      -0.227112946296963     
   6.65500020980835        1.51250004768372      -0.211835735682394     
   6.65500020980835        1.81500005722046      -0.197478180461545     
   6.65500020980835        2.11750006675720      -0.183800400821378     
   6.65500020980835        2.42000007629395      -0.170411818027046     
   6.65500020980835        2.72250008583069      -0.157391749449492     
   6.65500020980835        3.02500009536743      -0.144507708338087     
   6.65500020980835        3.32750010490417      -0.132047085790769     
   6.65500020980835        3.63000011444092      -0.121503754763340     
   6.65500020980835        3.93250012397766      -0.113479174710357     
   6.65500020980835        4.23500013351440      -0.106355887437323     
   6.65500020980835        4.53750014305115      -9.913115964743001E-002
   6.65500020980835        4.84000015258789      -9.200943483590901E-002
   6.65500020980835        5.14250016212463      -8.530763348094596E-002
   6.65500020980835        5.44500017166138      -7.926167506916364E-002
   6.65500020980835        5.74750018119812      -7.395447938330736E-002
   6.65500020980835        6.05000019073486      -6.940050943654207E-002
   6.65500020980835        6.35250020027161      -6.546836221476550E-002
   6.65500020980835        6.65500020980835      -6.170024253021045E-002
   6.65500020980835        6.95750021934509      -5.725151024129407E-002
   6.65500020980835        7.26000022888184      -5.233954332898940E-002
   6.95750021934509       0.000000000000000E+000 -0.236416702458621     
   6.95750021934509       0.302500009536743      -0.243785572945521     
   6.95750021934509       0.605000019073486      -0.231987190956190     
   6.95750021934509       0.907500028610229      -0.217505455987417     
   6.95750021934509        1.21000003814697      -0.204892446626249     
   6.95750021934509        1.51250004768372      -0.192574092373167     
   6.95750021934509        1.81500005722046      -0.180453691732157     
   6.95750021934509        2.11750006675720      -0.168678633748900     
   6.95750021934509        2.42000007629395      -0.156999519482962     
   6.95750021934509        2.72250008583069      -0.145744411724747     
   6.95750021934509        3.02500009536743      -0.134708091496302     
   6.95750021934509        3.32750010490417      -0.124053147685203     
   6.95750021934509        3.63000011444092      -0.115260848112252     
   6.95750021934509        3.93250012397766      -0.108548890538053     
   6.95750021934509        4.23500013351440      -0.101819301116223     
   6.95750021934509        4.53750014305115      -9.453276613956303E-002
   6.95750021934509        4.84000015258789      -8.736681118702189E-002
   6.95750021934509        5.14250016212463      -8.085914470750952E-002
   6.95750021934509        5.44500017166138      -7.514630259786036E-002
   6.95750021934509        5.74750018119812      -7.022444504486956E-002
   6.95750021934509        6.05000019073486      -6.605176905145155E-002
   6.95750021934509        6.35250020027161      -6.250012145920311E-002
   6.95750021934509        6.65500020980835      -5.925111084734263E-002
   6.95750021934509        6.95750021934509      -5.541974936281733E-002
   6.95750021934509        7.26000022888184      -5.041352836969756E-002
   7.26000022888184       0.000000000000000E+000 -0.209983313099947     
   7.26000022888184       0.302500009536743      -0.212147528042364     
   7.26000022888184       0.605000019073486      -0.201939165056323     
   7.26000022888184       0.907500028610229      -0.192512151646734     
   7.26000022888184        1.21000003814697      -0.183655399193539     
   7.26000022888184        1.51250004768372      -0.173958934174079     
   7.26000022888184        1.81500005722046      -0.163932328583173     
   7.26000022888184        2.11750006675720      -0.154133515724108     
   7.26000022888184        2.42000007629395      -0.144483271692218     
   7.26000022888184        2.72250008583069      -0.135339596685011     
   7.26000022888184        3.02500009536743      -0.126778277529503     
   7.26000022888184        3.32750010490417      -0.118654006458366     
   7.26000022888184        3.63000011444092      -0.110918742335814     
   7.26000022888184        3.93250012397766      -0.103747574235720     
   7.26000022888184        4.23500013351440      -9.693301271575698E-002
   7.26000022888184        4.53750014305115      -8.958395684233912E-002
   7.26000022888184        4.84000015258789      -8.251545549049595E-002
   7.26000022888184        5.14250016212463      -7.622863140780420E-002
   7.26000022888184        5.44500017166138      -7.086004096655356E-002
   7.26000022888184        5.74750018119812      -6.628356364059516E-002
   7.26000022888184        6.05000019073486      -6.240227401985458E-002
   7.26000022888184        6.35250020027161      -5.904289465127959E-002
   7.26000022888184        6.65500020980835      -5.585178807772379E-002
   7.26000022888184        6.95750021934509      -5.209574409894729E-002
   7.26000022888184        7.26000022888184      -4.770385198380642E-002
