  0.000000000000000E+000  0.000000000000000E+000 -0.191115059604507     
  0.000000000000000E+000  0.302500009536743      -0.197995129371585     
  0.000000000000000E+000  0.605000019073486      -0.197302874378695     
  0.000000000000000E+000  0.907500028610229      -0.193383934530510     
  0.000000000000000E+000   1.21000003814697      -0.189068701227319     
  0.000000000000000E+000   1.51250004768372      -0.185045097600936     
  0.000000000000000E+000   1.81500005722046      -0.181498907511512     
  0.000000000000000E+000   2.11750006675720      -0.178342554784702     
  0.000000000000000E+000   2.42000007629395      -0.175205335422944     
  0.000000000000000E+000   2.72250008583069      -0.171964051600533     
  0.000000000000000E+000   3.02500009536743      -0.168456290188471     
  0.000000000000000E+000   3.32750010490417      -0.163957705224220     
  0.000000000000000E+000   3.63000011444092      -0.157425638904699     
  0.000000000000000E+000   3.93250012397766      -0.150969490441282     
  0.000000000000000E+000   4.23500013351440      -0.142873930604201     
  0.000000000000000E+000   4.53750014305115      -0.132919301064050     
  0.000000000000000E+000   4.84000015258789      -0.123259935209366     
  0.000000000000000E+000   5.14250016212463      -0.114840497993810     
  0.000000000000000E+000   5.44500017166138      -0.107850751163665     
  0.000000000000000E+000   5.74750018119812      -0.102252578886480     
  0.000000000000000E+000   6.05000019073486      -9.798228356526681E-002
  0.000000000000000E+000   6.35250020027161      -9.474580769303249E-002
  0.000000000000000E+000   6.65500020980835      -9.168750922249853E-002
  0.000000000000000E+000   6.95750021934509      -8.706000114306078E-002
  0.000000000000000E+000   7.26000022888184      -8.101929750742250E-002
  0.302500009536743       0.000000000000000E+000 -0.206651269472748     
  0.302500009536743       0.302500009536743      -0.220392241507177     
  0.302500009536743       0.605000019073486      -0.220832944356520     
  0.302500009536743       0.907500028610229      -0.214476959400403     
  0.302500009536743        1.21000003814697      -0.208734084356283     
  0.302500009536743        1.51250004768372      -0.204284366194503     
  0.302500009536743        1.81500005722046      -0.200564921129200     
  0.302500009536743        2.11750006675720      -0.196938845421208     
  0.302500009536743        2.42000007629395      -0.192691606004738     
  0.302500009536743        2.72250008583069      -0.187454539184749     
  0.302500009536743        3.02500009536743      -0.180715191292482     
  0.302500009536743        3.32750010490417      -0.172792396720608     
  0.302500009536743        3.63000011444092      -0.166077914185853     
  0.302500009536743        3.93250012397766      -0.160090403111348     
  0.302500009536743        4.23500013351440      -0.152048016432449     
  0.302500009536743        4.53750014305115      -0.142197319662614     
  0.302500009536743        4.84000015258789      -0.132305186812541     
  0.302500009536743        5.14250016212463      -0.123373330077044     
  0.302500009536743        5.44500017166138      -0.115671276390647     
  0.302500009536743        5.74750018119812      -0.109331082687564     
  0.302500009536743        6.05000019073486      -0.104370335219899     
  0.302500009536743        6.35250020027161      -0.100622761380291     
  0.302500009536743        6.65500020980835      -9.736510451149497E-002
  0.302500009536743        6.95750021934509      -9.257932027896766E-002
  0.302500009536743        7.26000022888184      -8.519056515169186E-002
  0.605000019073486       0.000000000000000E+000 -0.218134320132061     
  0.605000019073486       0.302500009536743      -0.231657730416058     
  0.605000019073486       0.605000019073486      -0.236482952205035     
  0.605000019073486       0.907500028610229      -0.233022781627987     
  0.605000019073486        1.21000003814697      -0.228453290053242     
  0.605000019073486        1.51250004768372      -0.224736532710154     
  0.605000019073486        1.81500005722046      -0.221366244880229     
  0.605000019073486        2.11750006675720      -0.217548036446971     
  0.605000019073486        2.42000007629395      -0.212619348288434     
  0.605000019073486        2.72250008583069      -0.206190344628922     
  0.605000019073486        3.02500009536743      -0.197568727867703     
  0.605000019073486        3.32750010490417      -0.187349312112963     
  0.605000019073486        3.63000011444092      -0.177902391066596     
  0.605000019073486        3.93250012397766      -0.169928080142066     
  0.605000019073486        4.23500013351440      -0.161279369391312     
  0.605000019073486        4.53750014305115      -0.151361247282312     
  0.605000019073486        4.84000015258789      -0.141270267767559     
  0.605000019073486        5.14250016212463      -0.131789946082014     
  0.605000019073486        5.44500017166138      -0.123351356008779     
  0.605000019073486        5.74750018119812      -0.116192194998755     
  0.605000019073486        6.05000019073486      -0.110370576587929     
  0.605000019073486        6.35250020027161      -0.105690732149333     
  0.605000019073486        6.65500020980835      -0.101212339793503     
  0.605000019073486        6.95750021934509      -9.500156518049543E-002
  0.605000019073486        7.26000022888184      -8.745617689336208E-002
  0.907500028610229       0.000000000000000E+000 -0.222503535357722     
  0.907500028610229       0.302500009536743      -0.235170817720792     
  0.907500028610229       0.605000019073486      -0.243870538717484     
  0.907500028610229       0.907500028610229      -0.246740381822592     
  0.907500028610229        1.21000003814697      -0.246739390854526     
  0.907500028610229        1.51250004768372      -0.245606359697038     
  0.907500028610229        1.81500005722046      -0.243465496626888     
  0.907500028610229        2.11750006675720      -0.239879168752563     
  0.907500028610229        2.42000007629395      -0.234823860396284     
  0.907500028610229        2.72250008583069      -0.227846515532070     
  0.907500028610229        3.02500009536743      -0.218528804465502     
  0.907500028610229        3.32750010490417      -0.207313247693684     
  0.907500028610229        3.63000011444092      -0.195617226962646     
  0.907500028610229        3.93250012397766      -0.184320039378214     
  0.907500028610229        4.23500013351440      -0.173068789014507     
  0.907500028610229        4.53750014305115      -0.161674248277381     
  0.907500028610229        4.84000015258789      -0.150598477594847     
  0.907500028610229        5.14250016212463      -0.140203127255599     
  0.907500028610229        5.44500017166138      -0.130780379211883     
  0.907500028610229        5.74750018119812      -0.122569063394039     
  0.907500028610229        6.05000019073486      -0.115526023944240     
  0.907500028610229        6.35250020027161      -0.109334101005730     
  0.907500028610229        6.65500020980835      -0.103165923701190     
  0.907500028610229        6.95750021934509      -9.604712262754196E-002
  0.907500028610229        7.26000022888184      -8.867210716736496E-002
   1.21000003814697       0.000000000000000E+000 -0.228002862660533     
   1.21000003814697       0.302500009536743      -0.241498527133207     
   1.21000003814697       0.605000019073486      -0.253132416914601     
   1.21000003814697       0.907500028610229      -0.261258087154857     
   1.21000003814697        1.21000003814697      -0.266036835762360     
   1.21000003814697        1.51250004768372      -0.268017224289423     
   1.21000003814697        1.81500005722046      -0.267360358371486     
   1.21000003814697        2.11750006675720      -0.264288521910060     
   1.21000003814697        2.42000007629395      -0.258983145515465     
   1.21000003814697        2.72250008583069      -0.251142470434495     
   1.21000003814697        3.02500009536743      -0.240773736604652     
   1.21000003814697        3.32750010490417      -0.228316387571293     
   1.21000003814697        3.63000011444092      -0.214550717820347     
   1.21000003814697        3.93250012397766      -0.200339104567488     
   1.21000003814697        4.23500013351440      -0.186279661412929     
   1.21000003814697        4.53750014305115      -0.172831663966870     
   1.21000003814697        4.84000015258789      -0.160247134050319     
   1.21000003814697        5.14250016212463      -0.148609679597402     
   1.21000003814697        5.44500017166138      -0.137974190810280     
   1.21000003814697        5.74750018119812      -0.128499367676667     
   1.21000003814697        6.05000019073486      -0.120078464005587     
   1.21000003814697        6.35250020027161      -0.112391064770921     
   1.21000003814697        6.65500020980835      -0.104918457557037     
   1.21000003814697        6.95750021934509      -9.728766621609625E-002
   1.21000003814697        7.26000022888184      -8.984003120665142E-002
   1.51250004768372       0.000000000000000E+000 -0.239148301557796     
   1.51250004768372       0.302500009536743      -0.254791776585857     
   1.51250004768372       0.605000019073486      -0.269255601225137     
   1.51250004768372       0.907500028610229      -0.281238075010997     
   1.51250004768372        1.21000003814697      -0.289726717078919     
   1.51250004768372        1.51250004768372      -0.294205826808651     
   1.51250004768372        1.81500005722046      -0.294672005316838     
   1.51250004768372        2.11750006675720      -0.291493028117309     
   1.51250004768372        2.42000007629395      -0.284964212588230     
   1.51250004768372        2.72250008583069      -0.275379229321503     
   1.51250004768372        3.02500009536743      -0.263105810495580     
   1.51250004768372        3.32750010490417      -0.248638030876250     
   1.51250004768372        3.63000011444092      -0.232662876289664     
   1.51250004768372        3.93250012397766      -0.216036058158160     
   1.51250004768372        4.23500013351440      -0.199632551350982     
   1.51250004768372        4.53750014305115      -0.184132919189507     
   1.51250004768372        4.84000015258789      -0.169871934047726     
   1.51250004768372        5.14250016212463      -0.156863069032356     
   1.51250004768372        5.44500017166138      -0.144984016241036     
   1.51250004768372        5.74750018119812      -0.134178923109618     
   1.51250004768372        6.05000019073486      -0.124428621041325     
   1.51250004768372        6.35250020027161      -0.115487443214588     
   1.51250004768372        6.65500020980835      -0.107069366927233     
   1.51250004768372        6.95750021934509      -9.898942487368265E-002
   1.51250004768372        7.26000022888184      -9.131163604356143E-002
   1.81500005722046       0.000000000000000E+000 -0.257433189901207     
   1.81500005722046       0.302500009536743      -0.276091016945303     
   1.81500005722046       0.605000019073486      -0.293718452101831     
   1.81500005722046       0.907500028610229      -0.308965666514906     
   1.81500005722046        1.21000003814697      -0.320286320265130     
   1.81500005722046        1.51250004768372      -0.326470846490361     
   1.81500005722046        1.81500005722046      -0.326936282308806     
   1.81500005722046        2.11750006675720      -0.322068684486457     
   1.81500005722046        2.42000007629395      -0.312773385183595     
   1.81500005722046        2.72250008583069      -0.300116984513903     
   1.81500005722046        3.02500009536743      -0.284983998637703     
   1.81500005722046        3.32750010490417      -0.267998777301581     
   1.81500005722046        3.63000011444092      -0.249722465507039     
   1.81500005722046        3.93250012397766      -0.230875179825193     
   1.81500005722046        4.23500013351440      -0.212337412182266     
   1.81500005722046        4.53750014305115      -0.194908960129229     
   1.81500005722046        4.84000015258789      -0.179030934888743     
   1.81500005722046        5.14250016212463      -0.164708882768773     
   1.81500005722046        5.44500017166138      -0.151693418380903     
   1.81500005722046        5.74750018119812      -0.139750752273062     
   1.81500005722046        6.05000019073486      -0.128798962526182     
   1.81500005722046        6.35250020027161      -0.118809511227197     
   1.81500005722046        6.65500020980835      -0.109636871684596     
   1.81500005722046        6.95750021934509      -0.101134366145466     
   1.81500005722046        7.26000022888184      -9.319805532014658E-002
   2.11750006675720       0.000000000000000E+000 -0.283578130412867     
   2.11750006675720       0.302500009536743      -0.306112069261495     
   2.11750006675720       0.605000019073486      -0.327338966138291     
   2.11750006675720       0.907500028610229      -0.345633714504452     
   2.11750006675720        1.21000003814697      -0.358865100562349     
   2.11750006675720        1.51250004768372      -0.365327820230683     
   2.11750006675720        1.81500005722046      -0.364200601318016     
   2.11750006675720        2.11750006675720      -0.355955999692144     
   2.11750006675720        2.42000007629395      -0.342223195402778     
   2.11750006675720        2.72250008583069      -0.325024116418381     
   2.11750006675720        3.02500009536743      -0.305950476527245     
   2.11750006675720        3.32750010490417      -0.285851200871300     
   2.11750006675720        3.63000011444092      -0.265118070579078     
   2.11750006675720        3.93250012397766      -0.244182640861060     
   2.11750006675720        4.23500013351440      -0.223753631352277     
   2.11750006675720        4.53750014305115      -0.204632652446469     
   2.11750006675720        4.84000015258789      -0.187334390609566     
   2.11750006675720        5.14250016212463      -0.171876177487333     
   2.11750006675720        5.44500017166138      -0.157911252122862     
   2.11750006675720        5.74750018119812      -0.145065533650442     
   2.11750006675720        6.05000019073486      -0.133183759641327     
   2.11750006675720        6.35250020027161      -0.122310666008438     
   2.11750006675720        6.65500020980835      -0.112489772820509     
   2.11750006675720        6.95750021934509      -0.103616164365242     
   2.11750006675720        7.26000022888184      -9.546542858095468E-002
   2.42000007629395       0.000000000000000E+000 -0.318701598054511     
   2.42000007629395       0.302500009536743      -0.346222308212600     
   2.42000007629395       0.605000019073486      -0.371354162844735     
   2.42000007629395       0.907500028610229      -0.391104138046921     
   2.42000007629395        1.21000003814697      -0.404155609151481     
   2.42000007629395        1.51250004768372      -0.409159198361708     
   2.42000007629395        1.81500005722046      -0.404935407815866     
   2.42000007629395        2.11750006675720      -0.391923516455029     
   2.42000007629395        2.42000007629395      -0.372427209096363     
   2.42000007629395        2.72250008583069      -0.349504823627100     
   2.42000007629395        3.02500009536743      -0.325591364585687     
   2.42000007629395        3.32750010490417      -0.301852036167879     
   2.42000007629395        3.63000011444092      -0.278502635751327     
   2.42000007629395        3.93250012397766      -0.255589613628280     
   2.42000007629395        4.23500013351440      -0.233517191538136     
   2.42000007629395        4.53750014305115      -0.212979930313178     
   2.42000007629395        4.84000015258789      -0.194512556065755     
   2.42000007629395        5.14250016212463      -0.178139767442697     
   2.42000007629395        5.44500017166138      -0.163435522988252     
   2.42000007629395        5.74750018119812      -0.149900904864793     
   2.42000007629395        6.05000019073486      -0.137312052534974     
   2.42000007629395        6.35250020027161      -0.125763597616291     
   2.42000007629395        6.65500020980835      -0.115422938284292     
   2.42000007629395        6.95750021934509      -0.106255954618230     
   2.42000007629395        7.26000022888184      -9.800084850232181E-002
   2.72250008583069       0.000000000000000E+000 -0.363672909140607     
   2.72250008583069       0.302500009536743      -0.397839330623420     
   2.72250008583069       0.605000019073486      -0.428067497644665     
   2.72250008583069       0.907500028610229      -0.446406252246456     
   2.72250008583069        1.21000003814697      -0.454100278880638     
   2.72250008583069        1.51250004768372      -0.454634085200727     
   2.72250008583069        1.81500005722046      -0.445801793191853     
   2.72250008583069        2.11750006675720      -0.427201954777751     
   2.72250008583069        2.42000007629395      -0.401381279305873     
   2.72250008583069        2.72250008583069      -0.372284584343946     
   2.72250008583069        3.02500009536743      -0.343188508476450     
   2.72250008583069        3.32750010490417      -0.315620953970573     
   2.72250008583069        3.63000011444092      -0.289648631017641     
   2.72250008583069        3.93250012397766      -0.264910923543828     
   2.72250008583069        4.23500013351440      -0.241445381412617     
   2.72250008583069        4.53750014305115      -0.219768455392928     
   2.72250008583069        4.84000015258789      -0.200385799169106     
   2.72250008583069        5.14250016212463      -0.183315814077671     
   2.72250008583069        5.44500017166138      -0.168065958653440     
   2.72250008583069        5.74750018119812      -0.154030932109585     
   2.72250008583069        6.05000019073486      -0.140926548417342     
   2.72250008583069        6.35250020027161      -0.128899292809992     
   2.72250008583069        6.65500020980835      -0.118205432097923     
   2.72250008583069        6.95750021934509      -0.108955924810371     
   2.72250008583069        7.26000022888184      -0.100859694320927     
   3.02500009536743       0.000000000000000E+000 -0.416148147345428     
   3.02500009536743       0.302500009536743      -0.459083844626131     
   3.02500009536743       0.605000019073486      -0.494054043865672     
   3.02500009536743       0.907500028610229      -0.509081527139270     
   3.02500009536743        1.21000003814697      -0.504804524559067     
   3.02500009536743        1.51250004768372      -0.496371892297401     
   3.02500009536743        1.81500005722046      -0.481743395311778     
   3.02500009536743        2.11750006675720      -0.457620303145983     
   3.02500009536743        2.42000007629395      -0.425982540546380     
   3.02500009536743        2.72250008583069      -0.391294760672621     
   3.02500009536743        3.02500009536743      -0.357513933303596     
   3.02500009536743        3.32750010490417      -0.326500872437022     
   3.02500009536743        3.63000011444092      -0.298215454916885     
   3.02500009536743        3.93250012397766      -0.271942707404521     
   3.02500009536743        4.23500013351440      -0.247376356826110     
   3.02500009536743        4.53750014305115      -0.224841950671685     
   3.02500009536743        4.84000015258789      -0.204790615690160     
   3.02500009536743        5.14250016212463      -0.187223833729432     
   3.02500009536743        5.44500017166138      -0.171595729144635     
   3.02500009536743        5.74750018119812      -0.157217122358700     
   3.02500009536743        6.05000019073486      -0.143753477722222     
   3.02500009536743        6.35250020027161      -0.131363092130639     
   3.02500009536743        6.65500020980835      -0.120416345028286     
   3.02500009536743        6.95750021934509      -0.111357533282399     
   3.02500009536743        7.26000022888184      -0.103759570195920     
   3.32750010490417       0.000000000000000E+000 -0.463567538872228     
   3.32750010490417       0.302500009536743      -0.518233344053041     
   3.32750010490417       0.605000019073486      -0.555527853743594     
   3.32750010490417       0.907500028610229      -0.562301770793572     
   3.32750010490417        1.21000003814697      -0.546911064591841     
   3.32750010490417        1.51250004768372      -0.526871389937560     
   3.32750010490417        1.81500005722046      -0.506795754059155     
   3.32750010490417        2.11750006675720      -0.478460277396390     
   3.32750010490417        2.42000007629395      -0.442683712550906     
   3.32750010490417        2.72250008583069      -0.404077178941965     
   3.32750010490417        3.02500009536743      -0.367015447628691     
   3.32750010490417        3.32750010490417      -0.333588968495395     
   3.32750010490417        3.63000011444092      -0.303694550891050     
   3.32750010490417        3.93250012397766      -0.276377161226254     
   3.32750010490417        4.23500013351440      -0.251088243738582     
   3.32750010490417        4.53750014305115      -0.228010016636042     
   3.32750010490417        4.84000015258789      -0.207544214273755     
   3.32750010490417        5.14250016212463      -0.189674997810412     
   3.32750010490417        5.44500017166138      -0.173820428383855     
   3.32750010490417        5.74750018119812      -0.159233946197789     
   3.32750010490417        6.05000019073486      -0.145526429154429     
   3.32750010490417        6.35250020027161      -0.132838026043769     
   3.32750010490417        6.65500020980835      -0.121686539163603     
   3.32750010490417        6.95750021934509      -0.112929030819457     
   3.32750010490417        7.26000022888184      -0.105809395932782     
   3.63000011444092       0.000000000000000E+000 -0.481139141024188     
   3.63000011444092       0.302500009536743      -0.546111704895237     
   3.63000011444092       0.605000019073486      -0.582651188166648     
   3.63000011444092       0.907500028610229      -0.583923551379313     
   3.63000011444092        1.21000003814697      -0.563578657722613     
   3.63000011444092        1.51250004768372      -0.538251445916789     
   3.63000011444092        1.81500005722046      -0.515836494117806     
   3.63000011444092        2.11750006675720      -0.485900321114912     
   3.63000011444092        2.42000007629395      -0.448618841277210     
   3.63000011444092        2.72250008583069      -0.408601270100556     
   3.63000011444092        3.02500009536743      -0.370358920503177     
   3.63000011444092        3.32750010490417      -0.336063386167987     
   3.63000011444092        3.63000011444092      -0.305590520354668     
   3.63000011444092        3.93250012397766      -0.277900451968412     
   3.63000011444092        4.23500013351440      -0.252357640082308     
   3.63000011444092        4.53750014305115      -0.229091528154279     
   3.63000011444092        4.84000015258789      -0.208484245578972     
   3.63000011444092        5.14250016212463      -0.190512718513521     
   3.63000011444092        5.44500017166138      -0.174581999585140     
   3.63000011444092        5.74750018119812      -0.159923966918613     
   3.63000011444092        6.05000019073486      -0.146120190397296     
   3.63000011444092        6.35250020027161      -0.133309285924406     
   3.63000011444092        6.65500020980835      -0.122054290914002     
   3.63000011444092        6.95750021934509      -0.113520410805556     
   3.63000011444092        7.26000022888184      -0.106464588187546     
   3.93250012397766       0.000000000000000E+000 -0.463568528057778     
   3.93250012397766       0.302500009536743      -0.518235161517625     
   3.93250012397766       0.605000019073486      -0.555529165116244     
   3.93250012397766       0.907500028610229      -0.562302596923679     
   3.93250012397766        1.21000003814697      -0.546911433214427     
   3.93250012397766        1.51250004768372      -0.526871389298675     
   3.93250012397766        1.81500005722046      -0.506795679546442     
   3.93250012397766        2.11750006675720      -0.478460225643128     
   3.93250012397766        2.42000007629395      -0.442683699110521     
   3.93250012397766        2.72250008583069      -0.404077194230485     
   3.93250012397766        3.02500009536743      -0.367015482915309     
   3.93250012397766        3.32750010490417      -0.333589006907107     
   3.93250012397766        3.63000011444092      -0.303694564486716     
   3.93250012397766        3.93250012397766      -0.276377165235658     
   3.93250012397766        4.23500013351440      -0.251088241296926     
   3.93250012397766        4.53750014305115      -0.228010015988686     
   3.93250012397766        4.84000015258789      -0.207544217917077     
   3.93250012397766        5.14250016212463      -0.189674999616741     
   3.93250012397766        5.44500017166138      -0.173820426242782     
   3.93250012397766        5.74750018119812      -0.159233940977031     
   3.93250012397766        6.05000019073486      -0.145526415150890     
   3.93250012397766        6.35250020027161      -0.132837997897920     
   3.93250012397766        6.65500020980835      -0.121686488291578     
   3.93250012397766        6.95750021934509      -0.112928966821014     
   3.93250012397766        7.26000022888184      -0.105809312330704     
   4.23500013351440       0.000000000000000E+000 -0.416149540694678     
   4.23500013351440       0.302500009536743      -0.459085576537910     
   4.23500013351440       0.605000019073486      -0.494055572575096     
   4.23500013351440       0.907500028610229      -0.509082454261465     
   4.23500013351440        1.21000003814697      -0.504804807228092     
   4.23500013351440        1.51250004768372      -0.496371773791486     
   4.23500013351440        1.81500005722046      -0.481743190194766     
   4.23500013351440        2.11750006675720      -0.457620151642153     
   4.23500013351440        2.42000007629395      -0.425982468998152     
   4.23500013351440        2.72250008583069      -0.391294756604638     
   4.23500013351440        3.02500009536743      -0.357513962796380     
   4.23500013351440        3.32750010490417      -0.326500901887334     
   4.23500013351440        3.63000011444092      -0.298215470924095     
   4.23500013351440        3.93250012397766      -0.271942707163601     
   4.23500013351440        4.23500013351440      -0.247376352254700     
   4.23500013351440        4.53750014305115      -0.224841954871835     
   4.23500013351440        4.84000015258789      -0.204790621318091     
   4.23500013351440        5.14250016212463      -0.187223837843574     
   4.23500013351440        5.44500017166138      -0.171595728669129     
   4.23500013351440        5.74750018119812      -0.157217113601022     
   4.23500013351440        6.05000019073486      -0.143753457455445     
   4.23500013351440        6.35250020027161      -0.131363046906340     
   4.23500013351440        6.65500020980835      -0.120416264813874     
   4.23500013351440        6.95750021934509      -0.111357422609343     
   4.23500013351440        7.26000022888184      -0.103759443956319     
   4.53750014305115       0.000000000000000E+000 -0.363673939107668     
   4.53750014305115       0.302500009536743      -0.397840478942599     
   4.53750014305115       0.605000019073486      -0.428068411884394     
   4.53750014305115       0.907500028610229      -0.446406697787556     
   4.53750014305115        1.21000003814697      -0.454100168987647     
   4.53750014305115        1.51250004768372      -0.454633725563313     
   4.53750014305115        1.81500005722046      -0.445801391002982     
   4.53750014305115        2.11750006675720      -0.427201645876233     
   4.53750014305115        2.42000007629395      -0.401381078144542     
   4.53750014305115        2.72250008583069      -0.372284489275027     
   4.53750014305115        3.02500009536743      -0.343188465197226     
   4.53750014305115        3.32750010490417      -0.315620937268267     
   4.53750014305115        3.63000011444092      -0.289648616160173     
   4.53750014305115        3.93250012397766      -0.264910904339880     
   4.53750014305115        4.23500013351440      -0.241445368699275     
   4.53750014305115        4.53750014305115      -0.219768444787207     
   4.53750014305115        4.84000015258789      -0.200385799933748     
   4.53750014305115        5.14250016212463      -0.183315812272819     
   4.53750014305115        5.44500017166138      -0.168065953449561     
   4.53750014305115        5.74750018119812      -0.154030920370188     
   4.53750014305115        6.05000019073486      -0.140926520688278     
   4.53750014305115        6.35250020027161      -0.128899244707193     
   4.53750014305115        6.65500020980835      -0.118205357531552     
   4.53750014305115        6.95750021934509      -0.108955820530764     
   4.53750014305115        7.26000022888184      -0.100859576225088     
   4.84000015258789       0.000000000000000E+000 -0.318702104743794     
   4.84000015258789       0.302500009536743      -0.346222728508421     
   4.84000015258789       0.605000019073486      -0.371354311116321     
   4.84000015258789       0.907500028610229      -0.391103931557075     
   4.84000015258789        1.21000003814697      -0.404155096606130     
   4.84000015258789        1.51250004768372      -0.409158570155428     
   4.84000015258789        1.81500005722046      -0.404934793651471     
   4.84000015258789        2.11750006675720      -0.391923015433091     
   4.84000015258789        2.42000007629395      -0.372426861897675     
   4.84000015258789        2.72250008583069      -0.349504609235749     
   4.84000015258789        3.02500009536743      -0.325591226247279     
   4.84000015258789        3.32750010490417      -0.301851951309437     
   4.84000015258789        3.63000011444092      -0.278502576806598     
   4.84000015258789        3.93250012397766      -0.255589572809214     
   4.84000015258789        4.23500013351440      -0.233517161032984     
   4.84000015258789        4.53750014305115      -0.212979914218707     
   4.84000015258789        4.84000015258789      -0.194512549528342     
   4.84000015258789        5.14250016212463      -0.178139766010337     
   4.84000015258789        5.44500017166138      -0.163435520606404     
   4.84000015258789        5.74750018119812      -0.149900890408794     
   4.84000015258789        6.05000019073486      -0.137312023829060     
   4.84000015258789        6.35250020027161      -0.125763552073423     
   4.84000015258789        6.65500020980835      -0.115422870163676     
   4.84000015258789        6.95750021934509      -0.106255866413902     
   4.84000015258789        7.26000022888184      -9.800074526912268E-002
   5.14250016212463       0.000000000000000E+000 -0.283578244566377     
   5.14250016212463       0.302500009536743      -0.306111944456843     
   5.14250016212463       0.605000019073486      -0.327338529188012     
   5.14250016212463       0.907500028610229      -0.345633037077928     
   5.14250016212463        1.21000003814697      -0.358864255072312     
   5.14250016212463        1.51250004768372      -0.365326942913441     
   5.14250016212463        1.81500005722046      -0.364199809650427     
   5.14250016212463        2.11750006675720      -0.355955351015567     
   5.14250016212463        2.42000007629395      -0.342222701702321     
   5.14250016212463        2.72250008583069      -0.325023782931109     
   5.14250016212463        3.02500009536743      -0.305950249346197     
   5.14250016212463        3.32750010490417      -0.285851054523600     
   5.14250016212463        3.63000011444092      -0.265117971446043     
   5.14250016212463        3.93250012397766      -0.244182574464711     
   5.14250016212463        4.23500013351440      -0.223753597648524     
   5.14250016212463        4.53750014305115      -0.204632634997558     
   5.14250016212463        4.84000015258789      -0.187334383643950     
   5.14250016212463        5.14250016212463      -0.171876179417541     
   5.14250016212463        5.44500017166138      -0.157911253047445     
   5.14250016212463        5.74750018119812      -0.145065514818211     
   5.14250016212463        6.05000019073486      -0.133183726480660     
   5.14250016212463        6.35250020027161      -0.122310618032761     
   5.14250016212463        6.65500020980835      -0.112489709636881     
   5.14250016212463        6.95750021934509      -0.103616090633217     
   5.14250016212463        7.26000022888184      -9.546534545942960E-002
   5.44500017166138       0.000000000000000E+000 -0.257432994294488     
   5.44500017166138       0.302500009536743      -0.276090533014820     
   5.44500017166138       0.605000019073486      -0.293717659892396     
   5.44500017166138       0.907500028610229      -0.308964628581353     
   5.44500017166138        1.21000003814697      -0.320285177719570     
   5.44500017166138        1.51250004768372      -0.326469787676700     
   5.44500017166138        1.81500005722046      -0.326935369800286     
   5.44500017166138        2.11750006675720      -0.322067945349648     
   5.44500017166138        2.42000007629395      -0.312772816374213     
   5.44500017166138        2.72250008583069      -0.300116586209490     
   5.44500017166138        3.02500009536743      -0.284983719299820     
   5.44500017166138        3.32750010490417      -0.267998599229807     
   5.44500017166138        3.63000011444092      -0.249722353005206     
   5.44500017166138        3.93250012397766      -0.230875115024137     
   5.44500017166138        4.23500013351440      -0.212337377891597     
   5.44500017166138        4.53750014305115      -0.194908941091329     
   5.44500017166138        4.84000015258789      -0.179030934328275     
   5.44500017166138        5.14250016212463      -0.164708884230472     
   5.44500017166138        5.44500017166138      -0.151693407659059     
   5.44500017166138        5.74750018119812      -0.139750726945656     
   5.44500017166138        6.05000019073486      -0.128798918411996     
   5.44500017166138        6.35250020027161      -0.118809445231579     
   5.44500017166138        6.65500020980835      -0.109636790475318     
   5.44500017166138        6.95750021934509      -0.101134274968357     
   5.44500017166138        7.26000022888184      -9.319796245298193E-002
   5.74750018119812       0.000000000000000E+000 -0.239147905957579     
   5.74750018119812       0.302500009536743      -0.254791125731423     
   5.74750018119812       0.605000019073486      -0.269254677229451     
   5.74750018119812       0.907500028610229      -0.281236917390093     
   5.74750018119812        1.21000003814697      -0.289725451979530     
   5.74750018119812        1.51250004768372      -0.294204631019630     
   5.74750018119812        1.81500005722046      -0.294671036458573     
   5.74750018119812        2.11750006675720      -0.291492266115047     
   5.74750018119812        2.42000007629395      -0.284963645832231     
   5.74750018119812        2.72250008583069      -0.275378839900767     
   5.74750018119812        3.02500009536743      -0.263105557475935     
   5.74750018119812        3.32750010490417      -0.248637884404827     
   5.74750018119812        3.63000011444092      -0.232662793262128     
   5.74750018119812        3.93250012397766      -0.216036008798025     
   5.74750018119812        4.23500013351440      -0.199632527819493     
   5.74750018119812        4.53750014305115      -0.184132910192107     
   5.74750018119812        4.84000015258789      -0.169871928002043     
   5.74750018119812        5.14250016212463      -0.156863057005833     
   5.74750018119812        5.44500017166138      -0.144983999395920     
   5.74750018119812        5.74750018119812      -0.134178885386444     
   5.74750018119812        6.05000019073486      -0.124428543562463     
   5.74750018119812        6.35250020027161      -0.115487332603846     
   5.74750018119812        6.65500020980835      -0.107069238097637     
   5.74750018119812        6.95750021934509      -9.898929566720444E-002
   5.74750018119812        7.26000022888184      -9.131151867692286E-002
   6.05000019073486       0.000000000000000E+000 -0.228002338323363     
   6.05000019073486       0.302500009536743      -0.241497829096536     
   6.05000019073486       0.605000019073486      -0.253131497585957     
   6.05000019073486       0.907500028610229      -0.261257019557999     
   6.05000019073486        1.21000003814697      -0.266035705163545     
   6.05000019073486        1.51250004768372      -0.268016136860607     
   6.05000019073486        1.81500005722046      -0.267359442042312     
   6.05000019073486        2.11750006675720      -0.264287835674261     
   6.05000019073486        2.42000007629395      -0.258982667825494     
   6.05000019073486        2.72250008583069      -0.251142160107921     
   6.05000019073486        3.02500009536743      -0.240773566363578     
   6.05000019073486        3.32750010490417      -0.228316300983793     
   6.05000019073486        3.63000011444092      -0.214550679530781     
   6.05000019073486        3.93250012397766      -0.200339069210565     
   6.05000019073486        4.23500013351440      -0.186279634016578     
   6.05000019073486        4.53750014305115      -0.172831646437051     
   6.05000019073486        4.84000015258789      -0.160247118616817     
   6.05000019073486        5.14250016212463      -0.148609658000320     
   6.05000019073486        5.44500017166138      -0.137974158374769     
   6.05000019073486        5.74750018119812      -0.128499295289640     
   6.05000019073486        6.05000019073486      -0.120078339464956     
   6.05000019073486        6.35250020027161      -0.112390892485773     
   6.05000019073486        6.65500020980835      -0.104918261403492     
   6.05000019073486        6.95750021934509      -9.728748127227518E-002
   6.05000019073486        7.26000022888184      -8.983988295761325E-002
   6.35250020027161       0.000000000000000E+000 -0.222502973374623     
   6.35250020027161       0.302500009536743      -0.235170156059450     
   6.35250020027161       0.605000019073486      -0.243869833156689     
   6.35250020027161       0.907500028610229      -0.246739595653419     
   6.35250020027161        1.21000003814697      -0.246738550032470     
   6.35250020027161        1.51250004768372      -0.245605523709876     
   6.35250020027161        1.81500005722046      -0.243464760197506     
   6.35250020027161        2.11750006675720      -0.239878620442530     
   6.35250020027161        2.42000007629395      -0.234823512729206     
   6.35250020027161        2.72250008583069      -0.227846333449621     
   6.35250020027161        3.02500009536743      -0.218528777851496     
   6.35250020027161        3.32750010490417      -0.207313318591863     
   6.35250020027161        3.63000011444092      -0.195617277795009     
   6.35250020027161        3.93250012397766      -0.184320029548946     
   6.35250020027161        4.23500013351440      -0.173068744180040     
   6.35250020027161        4.53750014305115      -0.161674206396323     
   6.35250020027161        4.84000015258789      -0.150598443303744     
   6.35250020027161        5.14250016212463      -0.140203090436530     
   6.35250020027161        5.44500017166138      -0.130780322508891     
   6.35250020027161        5.74750018119812      -0.122568963310459     
   6.35250020027161        6.05000019073486      -0.115525864389826     
   6.35250020027161        6.35250020027161      -0.109333876496073     
   6.35250020027161        6.65500020980835      -0.103165662778761     
   6.35250020027161        6.95750021934509      -9.604687335638842E-002
   6.35250020027161        7.26000022888184      -8.867193821598941E-002
   6.65500020980835       0.000000000000000E+000 -0.218133947513084     
   6.65500020980835       0.302500009536743      -0.231657389240731     
   6.65500020980835       0.605000019073486      -0.236482653701118     
   6.65500020980835       0.907500028610229      -0.233022447436614     
   6.65500020980835        1.21000003814697      -0.228452816951237     
   6.65500020980835        1.51250004768372      -0.224735995110466     
   6.65500020980835        1.81500005722046      -0.221365743092508     
   6.65500020980835        2.11750006675720      -0.217547640960266     
   6.65500020980835        2.42000007629395      -0.212619117893630     
   6.65500020980835        2.72250008583069      -0.206190296060989     
   6.65500020980835        3.02500009536743      -0.197568835876925     
   6.65500020980835        3.32750010490417      -0.187349457568741     
   6.65500020980835        3.63000011444092      -0.177902467538628     
   6.65500020980835        3.93250012397766      -0.169927999407771     
   6.65500020980835        4.23500013351440      -0.161279251299342     
   6.65500020980835        4.53750014305115      -0.151361172743789     
   6.65500020980835        4.84000015258789      -0.141270223486638     
   6.65500020980835        5.14250016212463      -0.131789900522855     
   6.65500020980835        5.44500017166138      -0.123351282082512     
   6.65500020980835        5.74750018119812      -0.116192081560830     
   6.65500020980835        6.05000019073486      -0.110370412452523     
   6.65500020980835        6.35250020027161      -0.105690504364448     
   6.65500020980835        6.65500020980835      -0.101212047823912     
   6.65500020980835        6.95750021934509      -9.500128017871684E-002
   6.65500020980835        7.26000022888184      -8.745601713746191E-002
   6.95750021934509       0.000000000000000E+000 -0.206651310494565     
   6.95750021934509       0.302500009536743      -0.220392531529137     
   6.95750021934509       0.605000019073486      -0.220833198423591     
   6.95750021934509       0.907500028610229      -0.214476953544054     
   6.95750021934509        1.21000003814697      -0.208733865426653     
   6.95750021934509        1.51250004768372      -0.204284045893165     
   6.95750021934509        1.81500005722046      -0.200564602374451     
   6.95750021934509        2.11750006675720      -0.196938593825564     
   6.95750021934509        2.42000007629395      -0.192691466692438     
   6.95750021934509        2.72250008583069      -0.187454535625491     
   6.95750021934509        3.02500009536743      -0.180715264192979     
   6.95750021934509        3.32750010490417      -0.172792460728685     
   6.95750021934509        3.63000011444092      -0.166077794021168     
   6.95750021934509        3.93250012397766      -0.160090206955534     
   6.95750021934509        4.23500013351440      -0.152047870753413     
   6.95750021934509        4.53750014305115      -0.142197233549445     
   6.95750021934509        4.84000015258789      -0.132305133171823     
   6.95750021934509        5.14250016212463      -0.123373274576113     
   6.95750021934509        5.44500017166138      -0.115671201889669     
   6.95750021934509        5.74750018119812      -0.109330983724045     
   6.95750021934509        6.05000019073486      -0.104370208433104     
   6.95750021934509        6.35250020027161      -0.100622601019037     
   6.95750021934509        6.65500020980835      -9.736491744695641E-002
   6.95750021934509        6.95750021934509      -9.257914030648759E-002
   6.95750021934509        7.26000022888184      -8.519047551457355E-002
   7.26000022888184       0.000000000000000E+000 -0.191115145849968     
   7.26000022888184       0.302500009536743      -0.197995200065896     
   7.26000022888184       0.605000019073486      -0.197302866863490     
   7.26000022888184       0.907500028610229      -0.193383794792834     
   7.26000022888184        1.21000003814697      -0.189068488208195     
   7.26000022888184        1.51250004768372      -0.185044848597611     
   7.26000022888184        1.81500005722046      -0.181498677700264     
   7.26000022888184        2.11750006675720      -0.178342381436526     
   7.26000022888184        2.42000007629395      -0.175205244044600     
   7.26000022888184        2.72250008583069      -0.171964017732633     
   7.26000022888184        3.02500009536743      -0.168456268598868     
   7.26000022888184        3.32750010490417      -0.163957662136526     
   7.26000022888184        3.63000011444092      -0.157425797061073     
   7.26000022888184        3.93250012397766      -0.150969560827052     
   7.26000022888184        4.23500013351440      -0.142873953296630     
   7.26000022888184        4.53750014305115      -0.132919307783112     
   7.26000022888184        4.84000015258789      -0.123259915337872     
   7.26000022888184        5.14250016212463      -0.114840442566985     
   7.26000022888184        5.44500017166138      -0.107850675478849     
   7.26000022888184        5.74750018119812      -0.102252503330249     
   7.26000022888184        6.05000019073486      -9.798222223164135E-002
   7.26000022888184        6.35250020027161      -9.474576565816949E-002
   7.26000022888184        6.65500020980835      -9.168747298249877E-002
   7.26000022888184        6.95750021934509      -8.705994292502117E-002
   7.26000022888184        7.26000022888184      -8.101919147339724E-002
