  0.000000000000000E+000  0.000000000000000E+000 -0.130570367692872     
  0.000000000000000E+000  0.302500009536743      -0.138221624301835     
  0.000000000000000E+000  0.605000019073486      -0.142326361501210     
  0.000000000000000E+000  0.907500028610229      -0.143383514143080     
  0.000000000000000E+000   1.21000003814697      -0.144420047224411     
  0.000000000000000E+000   1.51250004768372      -0.146742414910898     
  0.000000000000000E+000   1.81500005722046      -0.150625797611702     
  0.000000000000000E+000   2.11750006675720      -0.155939055761970     
  0.000000000000000E+000   2.42000007629395      -0.162454371120099     
  0.000000000000000E+000   2.72250008583069      -0.169968005707817     
  0.000000000000000E+000   3.02500009536743      -0.177363247986823     
  0.000000000000000E+000   3.32750010490417      -0.181797332010798     
  0.000000000000000E+000   3.63000011444092      -0.181583117150642     
  0.000000000000000E+000   3.93250012397766      -0.181797404498489     
  0.000000000000000E+000   4.23500013351440      -0.177363486770729     
  0.000000000000000E+000   4.53750014305115      -0.169968197134067     
  0.000000000000000E+000   4.84000015258789      -0.162454441799267     
  0.000000000000000E+000   5.14250016212463      -0.155939019480154     
  0.000000000000000E+000   5.44500017166138      -0.150625665425605     
  0.000000000000000E+000   5.74750018119812      -0.146742211967555     
  0.000000000000000E+000   6.05000019073486      -0.144419798037678     
  0.000000000000000E+000   6.35250020027161      -0.143383262425982     
  0.000000000000000E+000   6.65500020980835      -0.142326197875515     
  0.000000000000000E+000   6.95750021934509      -0.138221655724719     
  0.000000000000000E+000   7.26000022888184      -0.130570525844702     
  0.302500009536743       0.000000000000000E+000 -0.138219877553050     
  0.302500009536743       0.302500009536743      -0.149534493527970     
  0.302500009536743       0.605000019073486      -0.154091282852993     
  0.302500009536743       0.907500028610229      -0.154795611275499     
  0.302500009536743        1.21000003814697      -0.156156938778243     
  0.302500009536743        1.51250004768372      -0.159277230350887     
  0.302500009536743        1.81500005722046      -0.164067286865405     
  0.302500009536743        2.11750006675720      -0.170131816634719     
  0.302500009536743        2.42000007629395      -0.176825059947706     
  0.302500009536743        2.72250008583069      -0.183440835046957     
  0.302500009536743        3.02500009536743      -0.188623852556070     
  0.302500009536743        3.32750010490417      -0.190845184970049     
  0.302500009536743        3.63000011444092      -0.191190285624176     
  0.302500009536743        3.93250012397766      -0.190845427325449     
  0.302500009536743        4.23500013351440      -0.188624129351376     
  0.302500009536743        4.53750014305115      -0.183440999577681     
  0.302500009536743        4.84000015258789      -0.176825060376881     
  0.302500009536743        5.14250016212463      -0.170131683036301     
  0.302500009536743        5.44500017166138      -0.164067053161231     
  0.302500009536743        5.74750018119812      -0.159276948128028     
  0.302500009536743        6.05000019073486      -0.156156657109698     
  0.302500009536743        6.35250020027161      -0.154795390382071     
  0.302500009536743        6.65500020980835      -0.154091231428558     
  0.302500009536743        6.95750021934509      -0.149534740558064     
  0.302500009536743        7.26000022888184      -0.138220003026424     
  0.605000019073486       0.000000000000000E+000 -0.142323329204982     
  0.605000019073486       0.302500009536743      -0.154090328145521     
  0.605000019073486       0.605000019073486      -0.161632536409216     
  0.605000019073486       0.907500028610229      -0.164710902721268     
  0.605000019073486        1.21000003814697      -0.167706603838381     
  0.605000019073486        1.51250004768372      -0.172278062250422     
  0.605000019073486        1.81500005722046      -0.178415973725478     
  0.605000019073486        2.11750006675720      -0.185641482048405     
  0.605000019073486        2.42000007629395      -0.193185528808524     
  0.605000019073486        2.72250008583069      -0.199989959093775     
  0.605000019073486        3.02500009536743      -0.204619195875762     
  0.605000019073486        3.32750010490417      -0.206098681594623     
  0.605000019073486        3.63000011444092      -0.206003204266997     
  0.605000019073486        3.93250012397766      -0.206098821309054     
  0.605000019073486        4.23500013351440      -0.204619342313532     
  0.605000019073486        4.53750014305115      -0.199990010982837     
  0.605000019073486        4.84000015258789      -0.193185433666142     
  0.605000019073486        5.14250016212463      -0.185641241406331     
  0.605000019073486        5.44500017166138      -0.178415625716588     
  0.605000019073486        5.74750018119812      -0.172277667493221     
  0.605000019073486        6.05000019073486      -0.167706238314421     
  0.605000019073486        6.35250020027161      -0.164710650709633     
  0.605000019073486        6.65500020980835      -0.161632486502952     
  0.605000019073486        6.95750021934509      -0.154090534016499     
  0.605000019073486        7.26000022888184      -0.142323401253680     
  0.907500028610229       0.000000000000000E+000 -0.143380573046454     
  0.907500028610229       0.302500009536743      -0.154794028453788     
  0.907500028610229       0.605000019073486      -0.164710016041831     
  0.907500028610229       0.907500028610229      -0.171792936622009     
  0.907500028610229        1.21000003814697      -0.178137297607708     
  0.907500028610229        1.51250004768372      -0.185246396386515     
  0.907500028610229        1.81500005722046      -0.193460262288030     
  0.907500028610229        2.11750006675720      -0.202521055322556     
  0.907500028610229        2.42000007629395      -0.211731025322039     
  0.907500028610229        2.72250008583069      -0.220155793666811     
  0.907500028610229        3.02500009536743      -0.226631765506604     
  0.907500028610229        3.32750010490417      -0.230164900445838     
  0.907500028610229        3.63000011444092      -0.231151931885312     
  0.907500028610229        3.93250012397766      -0.230164945305494     
  0.907500028610229        4.23500013351440      -0.226631799408838     
  0.907500028610229        4.53750014305115      -0.220155743184703     
  0.907500028610229        4.84000015258789      -0.211730852233621     
  0.907500028610229        5.14250016212463      -0.202520738641276     
  0.907500028610229        5.44500017166138      -0.193459816565806     
  0.907500028610229        5.74750018119812      -0.185245904745422     
  0.907500028610229        6.05000019073486      -0.178136840938667     
  0.907500028610229        6.35250020027161      -0.171792607632764     
  0.907500028610229        6.65500020980835      -0.164709898491348     
  0.907500028610229        6.95750021934509      -0.154794083478003     
  0.907500028610229        7.26000022888184      -0.143380602481931     
   1.21000003814697       0.000000000000000E+000 -0.144416724660738     
   1.21000003814697       0.302500009536743      -0.156154130657631     
   1.21000003814697       0.605000019073486      -0.167704085781901     
   1.21000003814697       0.907500028610229      -0.178135548669789     
   1.21000003814697        1.21000003814697      -0.188015078468769     
   1.21000003814697        1.51250004768372      -0.198179233211692     
   1.21000003814697        1.81500005722046      -0.209001959846263     
   1.21000003814697        2.11750006675720      -0.220424734952149     
   1.21000003814697        2.42000007629395      -0.231763940856240     
   1.21000003814697        2.72250008583069      -0.242109364859952     
   1.21000003814697        3.02500009536743      -0.250509714200300     
   1.21000003814697        3.32750010490417      -0.256051101998476     
   1.21000003814697        3.63000011444092      -0.257959672246657     
   1.21000003814697        3.93250012397766      -0.256051110082080     
   1.21000003814697        4.23500013351440      -0.250509681568912     
   1.21000003814697        4.53750014305115      -0.242109239323518     
   1.21000003814697        4.84000015258789      -0.231763704630526     
   1.21000003814697        5.14250016212463      -0.220424372647063     
   1.21000003814697        5.44500017166138      -0.209001467410913     
   1.21000003814697        5.74750018119812      -0.198178675375194     
   1.21000003814697        6.05000019073486      -0.188014559372861     
   1.21000003814697        6.35250020027161      -0.178135152109314     
   1.21000003814697        6.65500020980835      -0.167703869850856     
   1.21000003814697        6.95750021934509      -0.156154071023073     
   1.21000003814697        7.26000022888184      -0.144416733110311     
   1.51250004768372       0.000000000000000E+000 -0.146737292379558     
   1.51250004768372       0.302500009536743      -0.159272099465831     
   1.51250004768372       0.605000019073486      -0.172272976515383     
   1.51250004768372       0.907500028610229      -0.185241982909462     
   1.51250004768372        1.21000003814697      -0.198176517125024     
   1.51250004768372        1.51250004768372      -0.211332501293321     
   1.51250004768372        1.81500005722046      -0.224936514028217     
   1.51250004768372        2.11750006675720      -0.238770890271191     
   1.51250004768372        2.42000007629395      -0.252186379523703     
   1.51250004768372        2.72250008583069      -0.264317925095253     
   1.51250004768372        3.02500009536743      -0.274138033060039     
   1.51250004768372        3.32750010490417      -0.280592889366909     
   1.51250004768372        3.63000011444092      -0.282852014323851     
   1.51250004768372        3.93250012397766      -0.280592861724734     
   1.51250004768372        4.23500013351440      -0.274137956456098     
   1.51250004768372        4.53750014305115      -0.264317760073911     
   1.51250004768372        4.84000015258789      -0.252186116887094     
   1.51250004768372        5.14250016212463      -0.238770516169924     
   1.51250004768372        5.44500017166138      -0.224936038313163     
   1.51250004768372        5.74750018119812      -0.211331945729345     
   1.51250004768372        6.05000019073486      -0.198175979345374     
   1.51250004768372        6.35250020027161      -0.185241555997048     
   1.51250004768372        6.65500020980835      -0.172272701327461     
   1.51250004768372        6.95750021934509      -0.159271978762859     
   1.51250004768372        7.26000022888184      -0.146737288735582     
   1.81500005722046       0.000000000000000E+000 -0.150617819308585     
   1.81500005722046       0.302500009536743      -0.164059110784044     
   1.81500005722046       0.605000019073486      -0.178407817731165     
   1.81500005722046       0.907500028610229      -0.193452748145981     
   1.81500005722046        1.21000003814697      -0.208996050551152     
   1.81500005722046        1.51250004768372      -0.224933196365808     
   1.81500005722046        1.81500005722046      -0.241039768914890     
   1.81500005722046        2.11750006675720      -0.256888084035671     
   1.81500005722046        2.42000007629395      -0.271896380545697     
   1.81500005722046        2.72250008583069      -0.285289381373046     
   1.81500005722046        3.02500009536743      -0.296067274674132     
   1.81500005722046        3.32750010490417      -0.303134323303458     
   1.81500005722046        3.63000011444092      -0.305604567724868     
   1.81500005722046        3.93250012397766      -0.303134285854632     
   1.81500005722046        4.23500013351440      -0.296067182337947     
   1.81500005722046        4.53750014305115      -0.285289199850402     
   1.81500005722046        4.84000015258789      -0.271896099147073     
   1.81500005722046        5.14250016212463      -0.256887716362208     
   1.81500005722046        5.44500017166138      -0.241039328046341     
   1.81500005722046        5.74750018119812      -0.224932712511923     
   1.81500005722046        6.05000019073486      -0.208995568624386     
   1.81500005722046        6.35250020027161      -0.193452340755826     
   1.81500005722046        6.65500020980835      -0.178407539790156     
   1.81500005722046        6.95750021934509      -0.164058972740229     
   1.81500005722046        7.26000022888184      -0.150617812320700     
   2.11750006675720       0.000000000000000E+000 -0.155927980636305     
   2.11750006675720       0.302500009536743      -0.170120735106260     
   2.11750006675720       0.605000019073486      -0.185630624967544     
   2.11750006675720       0.907500028610229      -0.202510853860479     
   2.11750006675720        1.21000003814697      -0.220415830902210     
   2.11750006675720        1.51250004768372      -0.238764121887832     
   2.11750006675720        1.81500005722046      -0.256884349847488     
   2.11750006675720        2.11750006675720      -0.274170887522318     
   2.11750006675720        2.42000007629395      -0.290090353775331     
   2.11750006675720        2.72250008583069      -0.304023064232405     
   2.11750006675720        3.02500009536743      -0.315117516751341     
   2.11750006675720        3.32750010490417      -0.322359864561282     
   2.11750006675720        3.63000011444092      -0.324887874265823     
   2.11750006675720        3.93250012397766      -0.322359834151530     
   2.11750006675720        4.23500013351440      -0.315117419192328     
   2.11750006675720        4.53750014305115      -0.304022882386158     
   2.11750006675720        4.84000015258789      -0.290090061163770     
   2.11750006675720        5.14250016212463      -0.274170520296921     
   2.11750006675720        5.44500017166138      -0.256883933732739     
   2.11750006675720        5.74750018119812      -0.238763704307119     
   2.11750006675720        6.05000019073486      -0.220415453031312     
   2.11750006675720        6.35250020027161      -0.202510541146362     
   2.11750006675720        6.65500020980835      -0.185630404747575     
   2.11750006675720        6.95750021934509      -0.170120628505245     
   2.11750006675720        7.26000022888184      -0.155927983496687     
   2.42000007629395       0.000000000000000E+000 -0.162441320630123     
   2.42000007629395       0.302500009536743      -0.176812803761239     
   2.42000007629395       0.605000019073486      -0.193173669473991     
   2.42000007629395       0.907500028610229      -0.211719315856479     
   2.42000007629395        1.21000003814697      -0.231752748063278     
   2.42000007629395        1.51250004768372      -0.252176559303902     
   2.42000007629395        1.81500005722046      -0.271888994120858     
   2.42000007629395        2.11750006675720      -0.290086368132287     
   2.42000007629395        2.42000007629395      -0.306289015876294     
   2.42000007629395        2.72250008583069      -0.320094857327675     
   2.42000007629395        3.02500009536743      -0.330906808123838     
   2.42000007629395        3.32750010490417      -0.337907896372856     
   2.42000007629395        3.63000011444092      -0.340344618845147     
   2.42000007629395        3.93250012397766      -0.337907856080500     
   2.42000007629395        4.23500013351440      -0.330906707016766     
   2.42000007629395        4.53750014305115      -0.320094655692118     
   2.42000007629395        4.84000015258789      -0.306288728126751     
   2.42000007629395        5.14250016212463      -0.290085998140590     
   2.42000007629395        5.44500017166138      -0.271888614415256     
   2.42000007629395        5.74750018119812      -0.252176207825560     
   2.42000007629395        6.05000019073486      -0.231752458870864     
   2.42000007629395        6.35250020027161      -0.211719117387942     
   2.42000007629395        6.65500020980835      -0.193173552942924     
   2.42000007629395        6.95750021934509      -0.176812767469561     
   2.42000007629395        7.26000022888184      -0.162441344806919     
   2.72250008583069       0.000000000000000E+000 -0.169953270065866     
   2.72250008583069       0.302500009536743      -0.183429405260371     
   2.72250008583069       0.605000019073486      -0.199980484491825     
   2.72250008583069       0.907500028610229      -0.220145248961449     
   2.72250008583069        1.21000003814697      -0.242097393981347     
   2.72250008583069        1.51250004768372      -0.264306001598441     
   2.72250008583069        1.81500005722046      -0.285278950566462     
   2.72250008583069        2.11750006675720      -0.304015399891627     
   2.72250008583069        2.42000007629395      -0.320090867903790     
   2.72250008583069        2.72250008583069      -0.333347834301433     
   2.72250008583069        3.02500009536743      -0.343499998392644     
   2.72250008583069        3.32750010490417      -0.349996391914472     
   2.72250008583069        3.63000011444092      -0.352247189326605     
   2.72250008583069        3.93250012397766      -0.349996337971709     
   2.72250008583069        4.23500013351440      -0.343499872055763     
   2.72250008583069        4.53750014305115      -0.333347612421800     
   2.72250008583069        4.84000015258789      -0.320090560173587     
   2.72250008583069        5.14250016212463      -0.304015049287013     
   2.72250008583069        5.44500017166138      -0.285278596335543     
   2.72250008583069        5.74750018119812      -0.264305696535166     
   2.72250008583069        6.05000019073486      -0.242097184422755     
   2.72250008583069        6.35250020027161      -0.220145150198183     
   2.72250008583069        6.65500020980835      -0.199980488796811     
   2.72250008583069        6.95750021934509      -0.183429431364952     
   2.72250008583069        7.26000022888184      -0.169953286989047     
   3.02500009536743       0.000000000000000E+000 -0.177343753342437     
   3.02500009536743       0.302500009536743      -0.188612919477883     
   3.02500009536743       0.605000019073486      -0.204614297263342     
   3.02500009536743       0.907500028610229      -0.226625649086370     
   3.02500009536743        1.21000003814697      -0.250498980685070     
   3.02500009536743        1.51250004768372      -0.274125194667180     
   3.02500009536743        1.81500005722046      -0.296054736529898     
   3.02500009536743        2.11750006675720      -0.315106962863241     
   3.02500009536743        2.42000007629395      -0.330899447439564     
   3.02500009536743        2.72250008583069      -0.343496421276234     
   3.02500009536743        3.02500009536743      -0.352908074802268     
   3.02500009536743        3.32750010490417      -0.358848448586351     
   3.02500009536743        3.63000011444092      -0.360895629466791     
   3.02500009536743        3.93250012397766      -0.358848374811665     
   3.02500009536743        4.23500013351440      -0.352907907894181     
   3.02500009536743        4.53750014305115      -0.343496162910101     
   3.02500009536743        4.84000015258789      -0.330899112066363     
   3.02500009536743        5.14250016212463      -0.315106600819769     
   3.02500009536743        5.44500017166138      -0.296054399089287     
   3.02500009536743        5.74750018119812      -0.274124939700064     
   3.02500009536743        6.05000019073486      -0.250498841727956     
   3.02500009536743        6.35250020027161      -0.226625656914839     
   3.02500009536743        6.65500020980835      -0.204614400432583     
   3.02500009536743        6.95750021934509      -0.188612944701398     
   3.02500009536743        7.26000022888184      -0.177343694798451     
   3.32750010490417       0.000000000000000E+000 -0.181765502269040     
   3.32750010490417       0.302500009536743      -0.190830805783520     
   3.32750010490417       0.605000019073486      -0.206098412048588     
   3.32750010490417       0.907500028610229      -0.230163693216512     
   3.32750010490417        1.21000003814697      -0.256042875167799     
   3.32750010490417        1.51250004768372      -0.280580008804585     
   3.32750010490417        1.81500005722046      -0.303120637836853     
   3.32750010490417        2.11750006675720      -0.322347499358040     
   3.32750010490417        2.42000007629395      -0.337898293299472     
   3.32750010490417        2.72250008583069      -0.349990336291441     
   3.32750010490417        3.02500009536743      -0.358845887994589     
   3.32750010490417        3.32750010490417      -0.364371999373870     
   3.32750010490417        3.63000011444092      -0.366268215796364     
   3.32750010490417        3.93250012397766      -0.364371922762212     
   3.32750010490417        4.23500013351440      -0.358845695285424     
   3.32750010490417        4.53750014305115      -0.349990046545004     
   3.32750010490417        4.84000015258789      -0.337897936236981     
   3.32750010490417        5.14250016212463      -0.322347143188643     
   3.32750010490417        5.44500017166138      -0.303120324982152     
   3.32750010490417        5.74750018119812      -0.280579799516054     
   3.32750010490417        6.05000019073486      -0.256042760129611     
   3.32750010490417        6.35250020027161      -0.230163766041602     
   3.32750010490417        6.65500020980835      -0.206098518479506     
   3.32750010490417        6.95750021934509      -0.190830712905102     
   3.32750010490417        7.26000022888184      -0.181765339955000     
   3.63000011444092       0.000000000000000E+000 -0.181541505016257     
   3.63000011444092       0.302500009536743      -0.191171168418075     
   3.63000011444092       0.605000019073486      -0.206004672297561     
   3.63000011444092       0.907500028610229      -0.231152870425607     
   3.63000011444092        1.21000003814697      -0.257952667385462     
   3.63000011444092        1.51250004768372      -0.282839240654307     
   3.63000011444092        1.81500005722046      -0.305590520354669     
   3.63000011444092        2.11750006675720      -0.324874883718650     
   3.63000011444092        2.42000007629395      -0.340334218156759     
   3.63000011444092        2.72250008583069      -0.352240234965431     
   3.63000011444092        3.02500009536743      -0.360892126330314     
   3.63000011444092        3.32750010490417      -0.366267263328151     
   3.63000011444092        3.63000011444092      -0.368108654505194     
   3.63000011444092        3.93250012397766      -0.366267147259415     
   3.63000011444092        4.23500013351440      -0.360891922504941     
   3.63000011444092        4.53750014305115      -0.352239934618446     
   3.63000011444092        4.84000015258789      -0.340333862688011     
   3.63000011444092        5.14250016212463      -0.324874536541779     
   3.63000011444092        5.44500017166138      -0.305590236148870     
   3.63000011444092        5.74750018119812      -0.282839071903291     
   3.63000011444092        6.05000019073486      -0.257952612661592     
   3.63000011444092        6.35250020027161      -0.231152930062442     
   3.63000011444092        6.65500020980835      -0.206004661672572     
   3.63000011444092        6.95750021934509      -0.191170736538011     
   3.63000011444092        7.26000022888184      -0.181541510378757     
   3.93250012397766       0.000000000000000E+000 -0.181765591226894     
   3.93250012397766       0.302500009536743      -0.190831042952213     
   3.93250012397766       0.605000019073486      -0.206098524635184     
   3.93250012397766       0.907500028610229      -0.230163696847265     
   3.93250012397766        1.21000003814697      -0.256042840093722     
   3.93250012397766        1.51250004768372      -0.280579937379543     
   3.93250012397766        1.81500005722046      -0.303120555449155     
   3.93250012397766        2.11750006675720      -0.322347423418652     
   3.93250012397766        2.42000007629395      -0.337898207366036     
   3.93250012397766        2.72250008583069      -0.349990236936196     
   3.93250012397766        3.02500009536743      -0.358845769328448     
   3.93250012397766        3.32750010490417      -0.364371878502825     
   3.93250012397766        3.63000011444092      -0.366268055840342     
   3.93250012397766        3.93250012397766      -0.364371764662919     
   3.93250012397766        4.23500013351440      -0.358845551009440     
   3.93250012397766        4.53750014305115      -0.349989953827008     
   3.93250012397766        4.84000015258789      -0.337897884459479     
   3.93250012397766        5.14250016212463      -0.322347130240274     
   3.93250012397766        5.44500017166138      -0.303120344231973     
   3.93250012397766        5.74750018119812      -0.280579832203584     
   3.93250012397766        6.05000019073486      -0.256042780527004     
   3.93250012397766        6.35250020027161      -0.230163695451172     
   3.93250012397766        6.65500020980835      -0.206098318292531     
   3.93250012397766        6.95750021934509      -0.190830461212776     
   3.93250012397766        7.26000022888184      -0.181765231550147     
   4.23500013351440       0.000000000000000E+000 -0.177344028261346     
   4.23500013351440       0.302500009536743      -0.188613196604745     
   4.23500013351440       0.605000019073486      -0.204614402939262     
   4.23500013351440       0.907500028610229      -0.226625615966522     
   4.23500013351440        1.21000003814697      -0.250498871845989     
   4.23500013351440        1.51250004768372      -0.274125036091329     
   4.23500013351440        1.81500005722046      -0.296054558438474     
   4.23500013351440        2.11750006675720      -0.315106777577486     
   4.23500013351440        2.42000007629395      -0.330899258014864     
   4.23500013351440        2.72250008583069      -0.343496207127294     
   4.23500013351440        3.02500009536743      -0.352907821439473     
   4.23500013351440        3.32750010490417      -0.358848171136044     
   4.23500013351440        3.63000011444092      -0.360895342057803     
   4.23500013351440        3.93250012397766      -0.358848072505970     
   4.23500013351440        4.23500013351440      -0.352907661808823     
   4.23500013351440        4.53750014305115      -0.343495990758928     
   4.23500013351440        4.84000015258789      -0.330899019044704     
   4.23500013351440        5.14250016212463      -0.315106584807249     
   4.23500013351440        5.44500017166138      -0.296054443833694     
   4.23500013351440        5.74750018119812      -0.274125015190282     
   4.23500013351440        6.05000019073486      -0.250498895071582     
   4.23500013351440        6.35250020027161      -0.226625612607478     
   4.23500013351440        6.65500020980835      -0.204614203928424     
   4.23500013351440        6.95750021934509      -0.188612721450839     
   4.23500013351440        7.26000022888184      -0.177343636269594     
   4.53750014305115       0.000000000000000E+000 -0.169953492773655     
   4.53750014305115       0.302500009536743      -0.183429565834481     
   4.53750014305115       0.605000019073486      -0.199980487904696     
   4.53750014305115       0.907500028610229      -0.220145117748554     
   4.53750014305115        1.21000003814697      -0.242097169194765     
   4.53750014305115        1.51250004768372      -0.264305725780190     
   4.53750014305115        1.81500005722046      -0.285278650962468     
   4.53750014305115        2.11750006675720      -0.304015095934312     
   4.53750014305115        2.42000007629395      -0.320090542847649     
   4.53750014305115        2.72250008583069      -0.333347490040526     
   4.53750014305115        3.02500009536743      -0.343499620460263     
   4.53750014305115        3.32750010490417      -0.349995986079492     
   4.53750014305115        3.63000011444092      -0.352246775364914     
   4.53750014305115        3.93250012397766      -0.349995941119692     
   4.53750014305115        4.23500013351440      -0.343499538647535     
   4.53750014305115        4.53750014305115      -0.333347368545092     
   4.53750014305115        4.84000015258789      -0.320090439216504     
   4.53750014305115        5.14250016212463      -0.304015034787838     
   4.53750014305115        5.44500017166138      -0.285278670173384     
   4.53750014305115        5.74750018119812      -0.264305819456700     
   4.53750014305115        6.05000019073486      -0.242097288988222     
   4.53750014305115        6.35250020027161      -0.220145189419418     
   4.53750014305115        6.65500020980835      -0.199980419812651     
   4.53750014305115        6.95750021934509      -0.183429324140163     
   4.53750014305115        7.26000022888184      -0.169953250392210     
   4.84000015258789       0.000000000000000E+000 -0.162441393253322     
   4.84000015258789       0.302500009536743      -0.176812776451937     
   4.84000015258789       0.605000019073486      -0.193173510418239     
   4.84000015258789       0.907500028610229      -0.211719050057153     
   4.84000015258789        1.21000003814697      -0.231752398781540     
   4.84000015258789        1.51250004768372      -0.252176169216820     
   4.84000015258789        1.81500005722046      -0.271888575351457     
   4.84000015258789        2.11750006675720      -0.290085932355422     
   4.84000015258789        2.42000007629395      -0.306288583345561     
   4.84000015258789        2.72250008583069      -0.320094407104991     
   4.84000015258789        3.02500009536743      -0.330906335391362     
   4.84000015258789        3.32750010490417      -0.337907407828261     
   4.84000015258789        3.63000011444092      -0.340344135874981     
   4.84000015258789        3.93250012397766      -0.337907405642629     
   4.84000015258789        4.23500013351440      -0.330906336025454     
   4.84000015258789        4.53750014305115      -0.320094412990246     
   4.84000015258789        4.84000015258789      -0.306288616291930     
   4.84000015258789        5.14250016212463      -0.290086018279773     
   4.84000015258789        5.44500017166138      -0.271888746012699     
   4.84000015258789        5.74750018119812      -0.252176389252616     
   4.84000015258789        6.05000019073486      -0.231752634261068     
   4.84000015258789        6.35250020027161      -0.211719240733099     
   4.84000015258789        6.65500020980835      -0.193173598890664     
   4.84000015258789        6.95750021934509      -0.176812752819271     
   4.84000015258789        7.26000022888184      -0.162441316466306     
   5.14250016212463       0.000000000000000E+000 -0.155927916459945     
   5.14250016212463       0.302500009536743      -0.170120547949394     
   5.14250016212463       0.605000019073486      -0.185630304217980     
   5.14250016212463       0.907500028610229      -0.202510436359266     
   5.14250016212463        1.21000003814697      -0.220415351789143     
   5.14250016212463        1.51250004768372      -0.238763617898631     
   5.14250016212463        1.81500005722046      -0.256883842059178     
   5.14250016212463        2.11750006675720      -0.274170374106009     
   5.14250016212463        2.42000007629395      -0.290089836899140     
   5.14250016212463        2.72250008583069      -0.304022571528951     
   5.14250016212463        3.02500009536743      -0.315117021094666     
   5.14250016212463        3.32750010490417      -0.322359383596209     
   5.14250016212463        3.63000011444092      -0.324887407509702     
   5.14250016212463        3.93250012397766      -0.322359420457843     
   5.14250016212463        4.23500013351440      -0.315117098929958     
   5.14250016212463        4.53750014305115      -0.304022683806820     
   5.14250016212463        4.84000015258789      -0.290090001707543     
   5.14250016212463        5.14250016212463      -0.274170605036364     
   5.14250016212463        5.44500017166138      -0.256884127885145     
   5.14250016212463        5.74750018119812      -0.238763945873697     
   5.14250016212463        6.05000019073486      -0.220415691524365     
   5.14250016212463        6.35250020027161      -0.202510741658186     
   5.14250016212463        6.65500020980835      -0.185630537021946     
   5.14250016212463        6.95750021934509      -0.170120677805995     
   5.14250016212463        7.26000022888184      -0.155927958923100     
   5.44500017166138       0.000000000000000E+000 -0.150617653346104     
   5.44500017166138       0.302500009536743      -0.164058815999690     
   5.44500017166138       0.605000019073486      -0.178407385105386     
   5.44500017166138       0.907500028610229      -0.193452201533776     
   5.44500017166138        1.21000003814697      -0.208995447519493     
   5.44500017166138        1.51250004768372      -0.224932602814488     
   5.44500017166138        1.81500005722046      -0.241039202644801     
   5.44500017166138        2.11750006675720      -0.256887538065426     
   5.44500017166138        2.42000007629395      -0.271895872854285     
   5.44500017166138        2.72250008583069      -0.285288908105807     
   5.44500017166138        3.02500009536743      -0.296066831694514     
   5.44500017166138        3.32750010490417      -0.303133917635052     
   5.44500017166138        3.63000011444092      -0.305604196739879     
   5.44500017166138        3.93250012397766      -0.303133984140927     
   5.44500017166138        4.23500013351440      -0.296066965282527     
   5.44500017166138        4.53750014305115      -0.285289101461816     
   5.44500017166138        4.84000015258789      -0.271896140098583     
   5.44500017166138        5.14250016212463      -0.256887868784753     
   5.44500017166138        5.44500017166138      -0.241039572979963     
   5.44500017166138        5.74750018119812      -0.224933014994981     
   5.44500017166138        6.05000019073486      -0.208995871898940     
   5.44500017166138        6.35250020027161      -0.193452584894330     
   5.44500017166138        6.65500020980835      -0.178407679837464     
   5.44500017166138        6.95750021934509      -0.164059002327336     
   5.44500017166138        7.26000022888184      -0.150617741130663     
   5.74750018119812       0.000000000000000E+000 -0.146737063452313     
   5.74750018119812       0.302500009536743      -0.159271762290984     
   5.74750018119812       0.605000019073486      -0.172272507072934     
   5.74750018119812       0.907500028610229      -0.185241407278062     
   5.74750018119812        1.21000003814697      -0.198175870831610     
   5.74750018119812        1.51250004768372      -0.211331853870978     
   5.74750018119812        1.81500005722046      -0.224935934393396     
   5.74750018119812        2.11750006675720      -0.238770374875590     
   5.74750018119812        2.42000007629395      -0.252185935773669     
   5.74750018119812        2.72250008583069      -0.264317543038364     
   5.74750018119812        3.02500009536743      -0.274137723090600     
   5.74750018119812        3.32750010490417      -0.280592645122315     
   5.74750018119812        3.63000011444092      -0.282851817989659     
   5.74750018119812        3.93250012397766      -0.280592719265641     
   5.74750018119812        4.23500013351440      -0.274137876782513     
   5.74750018119812        4.53750014305115      -0.264317770883727     
   5.74750018119812        4.84000015258789      -0.252186234964430     
   5.74750018119812        5.14250016212463      -0.238770732903843     
   5.74750018119812        5.44500017166138      -0.224936342084425     
   5.74750018119812        5.74750018119812      -0.211332296728924     
   5.74750018119812        6.05000019073486      -0.198176282225834     
   5.74750018119812        6.35250020027161      -0.185241752566386     
   5.74750018119812        6.65500020980835      -0.172272763385390     
   5.74750018119812        6.95750021934509      -0.159271925958190     
   5.74750018119812        7.26000022888184      -0.146737151345653     
   6.05000019073486       0.000000000000000E+000 -0.144416460349654     
   6.05000019073486       0.302500009536743      -0.156153805468199     
   6.05000019073486       0.605000019073486      -0.167703667537904     
   6.05000019073486       0.907500028610229      -0.178135041055347     
   6.05000019073486        1.21000003814697      -0.188014509305395     
   6.05000019073486        1.51250004768372      -0.198178642779364     
   6.05000019073486        1.81500005722046      -0.209001421226824     
   6.05000019073486        2.11750006675720      -0.220424298531468     
   6.05000019073486        2.42000007629395      -0.231763601808333     
   6.05000019073486        2.72250008583069      -0.242109129801686     
   6.05000019073486        3.02500009536743      -0.250509588938922     
   6.05000019073486        3.32750010490417      -0.256051040218577     
   6.05000019073486        3.63000011444092      -0.257959682730407     
   6.05000019073486        3.93250012397766      -0.256051092567928     
   6.05000019073486        4.23500013351440      -0.250509705536600     
   6.05000019073486        4.53750014305115      -0.242109320643114     
   6.05000019073486        4.84000015258789      -0.231763872302830     
   6.05000019073486        5.14250016212463      -0.220424626730270     
   6.05000019073486        5.44500017166138      -0.209001799641942     
   6.05000019073486        5.74750018119812      -0.198179006572707     
   6.05000019073486        6.05000019073486      -0.188014797065930     
   6.05000019073486        6.35250020027161      -0.178135234383871     
   6.05000019073486        6.65500020980835      -0.167703785180159     
   6.05000019073486        6.95750021934509      -0.156153884343158     
   6.05000019073486        7.26000022888184      -0.144416516587743     
   6.35250020027161       0.000000000000000E+000 -0.143380311294570     
   6.35250020027161       0.302500009536743      -0.154793776131796     
   6.35250020027161       0.605000019073486      -0.164709745713790     
   6.35250020027161       0.907500028610229      -0.171792603817177     
   6.35250020027161        1.21000003814697      -0.178136897738279     
   6.35250020027161        1.51250004768372      -0.185245959075759     
   6.35250020027161        1.81500005722046      -0.193459836555624     
   6.35250020027161        2.11750006675720      -0.202520719028811     
   6.35250020027161        2.42000007629395      -0.211730811483175     
   6.35250020027161        2.72250008583069      -0.220155714604029     
   6.35250020027161        3.02500009536743      -0.226631860811050     
   6.35250020027161        3.32750010490417      -0.230165128844687     
   6.35250020027161        3.63000011444092      -0.231152166347889     
   6.35250020027161        3.93250012397766      -0.230165077200611     
   6.35250020027161        4.23500013351440      -0.226631863488106     
   6.35250020027161        4.53750014305115      -0.220155824373000     
   6.35250020027161        4.84000015258789      -0.211731010419596     
   6.35250020027161        5.14250016212463      -0.202520983352361     
   6.35250020027161        5.44500017166138      -0.193460124584011     
   6.35250020027161        5.74750018119812      -0.185246180984268     
   6.35250020027161        6.05000019073486      -0.178136989905907     
   6.35250020027161        6.35250020027161      -0.171792545193699     
   6.35250020027161        6.65500020980835      -0.164709626047993     
   6.35250020027161        6.95750021934509      -0.154793712063791     
   6.35250020027161        7.26000022888184      -0.143380322260895     
   6.65500020980835       0.000000000000000E+000 -0.142323157091732     
   6.65500020980835       0.302500009536743      -0.154090267211634     
   6.65500020980835       0.605000019073486      -0.161632520175253     
   6.65500020980835       0.907500028610229      -0.164710832522574     
   6.65500020980835        1.21000003814697      -0.167706423438833     
   6.65500020980835        1.51250004768372      -0.172277806256943     
   6.65500020980835        1.81500005722046      -0.178415701292418     
   6.65500020980835        2.11750006675720      -0.185641257164990     
   6.65500020980835        2.42000007629395      -0.193185407350883     
   6.65500020980835        2.72250008583069      -0.199989992110301     
   6.65500020980835        3.02500009536743      -0.204619410180997     
   6.65500020980835        3.32750010490417      -0.206098998967085     
   6.65500020980835        3.63000011444092      -0.206003440531788     
   6.65500020980835        3.93250012397766      -0.206098805906765     
   6.65500020980835        4.23500013351440      -0.204619254874550     
   6.65500020980835        4.53750014305115      -0.199989992489424     
   6.65500020980835        4.84000015258789      -0.193185522795369     
   6.65500020980835        5.14250016212463      -0.185641438261063     
   6.65500020980835        5.44500017166138      -0.178415865904845     
   6.65500020980835        5.74750018119812      -0.172277868640470     
   6.65500020980835        6.05000019073486      -0.167706313950756     
   6.65500020980835        6.35250020027161      -0.164710516334487     
   6.65500020980835        6.65500020980835      -0.161632087367033     
   6.65500020980835        6.95750021934509      -0.154090033598502     
   6.65500020980835        7.26000022888184      -0.142323124693680     
   6.95750021934509       0.000000000000000E+000 -0.138219911540618     
   6.95750021934509       0.302500009536743      -0.149534774276232     
   6.95750021934509       0.605000019073486      -0.154091564106961     
   6.95750021934509       0.907500028610229      -0.154795731065985     
   6.95750021934509        1.21000003814697      -0.156156919877772     
   6.95750021934509        1.51250004768372      -0.159277130839586     
   6.95750021934509        1.81500005722046      -0.164067155463624     
   6.95750021934509        2.11750006675720      -0.170131701663894     
   6.95750021934509        2.42000007629395      -0.176824997466079     
   6.95750021934509        2.72250008583069      -0.183440842402726     
   6.95750021934509        3.02500009536743      -0.188623920344295     
   6.95750021934509        3.32750010490417      -0.190845238954712     
   6.95750021934509        3.63000011444092      -0.191190047708712     
   6.95750021934509        3.93250012397766      -0.190845001531736     
   6.95750021934509        4.23500013351440      -0.188623768170782     
   6.95750021934509        4.53750014305115      -0.183440831725495     
   6.95750021934509        4.84000015258789      -0.176825067117177     
   6.95750021934509        5.14250016212463      -0.170131803801295     
   6.95750021934509        5.44500017166138      -0.164067211080533     
   6.95750021934509        5.74750018119812      -0.159277078746810     
   6.95750021934509        6.05000019073486      -0.156156703657347     
   6.95750021934509        6.35250020027161      -0.154795295890267     
   6.95750021934509        6.65500020980835      -0.154090983997972     
   6.95750021934509        6.95750021934509      -0.149534437343731     
   6.95750021934509        7.26000022888184      -0.138219822041461     
   7.26000022888184       0.000000000000000E+000 -0.130570528383528     
   7.26000022888184       0.302500009536743      -0.138221760620345     
   7.26000022888184       0.605000019073486      -0.142326454443936     
   7.26000022888184       0.907500028610229      -0.143383556218737     
   7.26000022888184        1.21000003814697      -0.144420058229225     
   7.26000022888184        1.51250004768372      -0.146742406928622     
   7.26000022888184        1.81500005722046      -0.150625779233186     
   7.26000022888184        2.11750006675720      -0.155939032337439     
   7.26000022888184        2.42000007629395      -0.162454335290411     
   7.26000022888184        2.72250008583069      -0.169967934662375     
   7.26000022888184        3.02500009536743      -0.177363112065181     
   7.26000022888184        3.32750010490417      -0.181797163829096     
   7.26000022888184        3.63000011444092      -0.181583191002145     
   7.26000022888184        3.93250012397766      -0.181797144628167     
   7.26000022888184        4.23500013351440      -0.177363205564707     
   7.26000022888184        4.53750014305115      -0.169968046795627     
   7.26000022888184        4.84000015258789      -0.162454419716382     
   7.26000022888184        5.14250016212463      -0.155939079309236     
   7.26000022888184        5.44500017166138      -0.150625754425019     
   7.26000022888184        5.74750018119812      -0.146742297336189     
   7.26000022888184        6.05000019073486      -0.144419848683779     
   7.26000022888184        6.35250020027161      -0.143383256590319     
   7.26000022888184        6.65500020980835      -0.142326138757330     
   7.26000022888184        6.95750021934509      -0.138221555730157     
   7.26000022888184        7.26000022888184      -0.130570353105618     
