  0.000000000000000E+000  0.000000000000000E+000 -0.387855893060103     
  0.000000000000000E+000  0.302500009536743      -0.406769134286177     
  0.000000000000000E+000  0.605000019073486      -0.409328884793028     
  0.000000000000000E+000  0.907500028610229      -0.397744656890579     
  0.000000000000000E+000   1.21000003814697      -0.383206259858339     
  0.000000000000000E+000   1.51250004768372      -0.370270647509218     
  0.000000000000000E+000   1.81500005722046      -0.358553502202628     
  0.000000000000000E+000   2.11750006675720      -0.346669316055405     
  0.000000000000000E+000   2.42000007629395      -0.333994184215867     
  0.000000000000000E+000   2.72250008583069      -0.321230040726041     
  0.000000000000000E+000   3.02500009536743      -0.308771944553345     
  0.000000000000000E+000   3.32750010490417      -0.298959100069290     
  0.000000000000000E+000   3.63000011444092      -0.282238463166622     
  0.000000000000000E+000   3.93250012397766      -0.263595513018966     
  0.000000000000000E+000   4.23500013351440      -0.238071376928835     
  0.000000000000000E+000   4.53750014305115      -0.207943208725295     
  0.000000000000000E+000   4.84000015258789      -0.180973701781018     
  0.000000000000000E+000   5.14250016212463      -0.159426632116018     
  0.000000000000000E+000   5.44500017166138      -0.143812411132865     
  0.000000000000000E+000   5.74750018119812      -0.133674906750959     
  0.000000000000000E+000   6.05000019073486      -0.128524053151019     
  0.000000000000000E+000   6.35250020027161      -0.127054531886016     
  0.000000000000000E+000   6.65500020980835      -0.125819070315181     
  0.000000000000000E+000   6.95750021934509      -0.118922497273909     
  0.000000000000000E+000   7.26000022888184      -0.110153691658247     
  0.302500009536743       0.000000000000000E+000 -0.406769716306831     
  0.302500009536743       0.302500009536743      -0.456572759978018     
  0.302500009536743       0.605000019073486      -0.461780348738685     
  0.302500009536743       0.907500028610229      -0.445926586532372     
  0.302500009536743        1.21000003814697      -0.428633616899689     
  0.302500009536743        1.51250004768372      -0.413577811330855     
  0.302500009536743        1.81500005722046      -0.399559325626399     
  0.302500009536743        2.11750006675720      -0.384352819879360     
  0.302500009536743        2.42000007629395      -0.367739701036396     
  0.302500009536743        2.72250008583069      -0.349830808084044     
  0.302500009536743        3.02500009536743      -0.328054562202363     
  0.302500009536743        3.32750010490417      -0.307478910786105     
  0.302500009536743        3.63000011444092      -0.294223176033765     
  0.302500009536743        3.93250012397766      -0.277538859671345     
  0.302500009536743        4.23500013351440      -0.250823587649908     
  0.302500009536743        4.53750014305115      -0.220202624113927     
  0.302500009536743        4.84000015258789      -0.192337014126916     
  0.302500009536743        5.14250016212463      -0.169823473978316     
  0.302500009536743        5.44500017166138      -0.152976977098661     
  0.302500009536743        5.74750018119812      -0.141502566427161     
  0.302500009536743        6.05000019073486      -0.134979261719735     
  0.302500009536743        6.35250020027161      -0.132427169456864     
  0.302500009536743        6.65500020980835      -0.131078836760757     
  0.302500009536743        6.95750021934509      -0.125290329730274     
  0.302500009536743        7.26000022888184      -0.113355218795832     
  0.605000019073486       0.000000000000000E+000 -0.409328342819061     
  0.605000019073486       0.302500009536743      -0.461792815067831     
  0.605000019073486       0.605000019073486      -0.488455601939974     
  0.605000019073486       0.907500028610229      -0.483822385730978     
  0.605000019073486        1.21000003814697      -0.469552916572052     
  0.605000019073486        1.51250004768372      -0.454542813328774     
  0.605000019073486        1.81500005722046      -0.438742615376374     
  0.605000019073486        2.11750006675720      -0.420468993343342     
  0.605000019073486        2.42000007629395      -0.400263561269296     
  0.605000019073486        2.72250008583069      -0.379899512640060     
  0.605000019073486        3.02500009536743      -0.353569126951284     
  0.605000019073486        3.32750010490417      -0.325315494204167     
  0.605000019073486        3.63000011444092      -0.301701946746066     
  0.605000019073486        3.93250012397766      -0.280070419296945     
  0.605000019073486        4.23500013351440      -0.254162098486675     
  0.605000019073486        4.53750014305115      -0.225817654338066     
  0.605000019073486        4.84000015258789      -0.199582956859876     
  0.605000019073486        5.14250016212463      -0.177743530811773     
  0.605000019073486        5.44500017166138      -0.160607917282450     
  0.605000019073486        5.74750018119812      -0.148372365471025     
  0.605000019073486        6.05000019073486      -0.140799893630507     
  0.605000019073486        6.35250020027161      -0.136796319145203     
  0.605000019073486        6.65500020980835      -0.133126246273402     
  0.605000019073486        6.95750021934509      -0.124133788059223     
  0.605000019073486        7.26000022888184      -0.112067137483754     
  0.907500028610229       0.000000000000000E+000 -0.397744765057599     
  0.907500028610229       0.302500009536743      -0.445937074497084     
  0.907500028610229       0.605000019073486      -0.483825798473096     
  0.907500028610229       0.907500028610229      -0.497088128055538     
  0.907500028610229        1.21000003814697      -0.494631393858843     
  0.907500028610229        1.51250004768372      -0.484729579927646     
  0.907500028610229        1.81500005722046      -0.469944446606665     
  0.907500028610229        2.11750006675720      -0.449629745809874     
  0.907500028610229        2.42000007629395      -0.428580478609483     
  0.907500028610229        2.72250008583069      -0.405793516888352     
  0.907500028610229        3.02500009536743      -0.377957531818107     
  0.907500028610229        3.32750010490417      -0.345785503967332     
  0.907500028610229        3.63000011444092      -0.314219615440752     
  0.907500028610229        3.93250012397766      -0.284928038351005     
  0.907500028610229        4.23500013351440      -0.256453934924730     
  0.907500028610229        4.53750014305115      -0.228947468254151     
  0.907500028610229        4.84000015258789      -0.204341412854404     
  0.907500028610229        5.14250016212463      -0.183323148786972     
  0.907500028610229        5.44500017166138      -0.166108774510271     
  0.907500028610229        5.74750018119812      -0.153185735380605     
  0.907500028610229        6.05000019073486      -0.144150492148314     
  0.907500028610229        6.35250020027161      -0.137586485928507     
  0.907500028610229        6.65500020980835      -0.130618290532671     
  0.907500028610229        6.95750021934509      -0.120434008268429     
  0.907500028610229        7.26000022888184      -0.109969739279305     
   1.21000003814697       0.000000000000000E+000 -0.383206340659268     
   1.21000003814697       0.302500009536743      -0.428635618460818     
   1.21000003814697       0.605000019073486      -0.469548443852890     
   1.21000003814697       0.907500028610229      -0.494624451697507     
   1.21000003814697        1.21000003814697      -0.503635728768254     
   1.21000003814697        1.51250004768372      -0.500782287774160     
   1.21000003814697        1.81500005722046      -0.488179830284166     
   1.21000003814697        2.11750006675720      -0.469625897949647     
   1.21000003814697        2.42000007629395      -0.449513593924536     
   1.21000003814697        2.72250008583069      -0.424358909932261     
   1.21000003814697        3.02500009536743      -0.393725069969994     
   1.21000003814697        3.32750010490417      -0.359429919276813     
   1.21000003814697        3.63000011444092      -0.324072497912765     
   1.21000003814697        3.93250012397766      -0.290333805836601     
   1.21000003814697        4.23500013351440      -0.259383819855682     
   1.21000003814697        4.53750014305115      -0.231804373563435     
   1.21000003814697        4.84000015258789      -0.207685787910293     
   1.21000003814697        5.14250016212463      -0.186936780002072     
   1.21000003814697        5.44500017166138      -0.169571944203284     
   1.21000003814697        5.74750018119812      -0.155852294205894     
   1.21000003814697        6.05000019073486      -0.145278311061932     
   1.21000003814697        6.35250020027161      -0.136478982551445     
   1.21000003814697        6.65500020980835      -0.127557498487559     
   1.21000003814697        6.95750021934509      -0.117520792541892     
   1.21000003814697        7.26000022888184      -0.107983192230857     
   1.51250004768372       0.000000000000000E+000 -0.370268450596489     
   1.51250004768372       0.302500009536743      -0.413570242365643     
   1.51250004768372       0.605000019073486      -0.454526682701252     
   1.51250004768372       0.907500028610229      -0.484710411478916     
   1.51250004768372        1.21000003814697      -0.500769508182210     
   1.51250004768372        1.51250004768372      -0.502652805280033     
   1.51250004768372        1.81500005722046      -0.493203383430200     
   1.51250004768372        2.11750006675720      -0.479608307910732     
   1.51250004768372        2.42000007629395      -0.460331529290471     
   1.51250004768372        2.72250008583069      -0.433862739625953     
   1.51250004768372        3.02500009536743      -0.401174303345970     
   1.51250004768372        3.32750010490417      -0.364904427686098     
   1.51250004768372        3.63000011444092      -0.328108066840393     
   1.51250004768372        3.93250012397766      -0.293243358894746     
   1.51250004768372        4.23500013351440      -0.261693457637306     
   1.51250004768372        4.53750014305115      -0.233884262036526     
   1.51250004768372        4.84000015258789      -0.209720562306234     
   1.51250004768372        5.14250016212463      -0.188969321876525     
   1.51250004768372        5.44500017166138      -0.171442881604104     
   1.51250004768372        5.74750018119812      -0.156986498055067     
   1.51250004768372        6.05000019073486      -0.145193588616347     
   1.51250004768372        6.35250020027161      -0.134950336211451     
   1.51250004768372        6.65500020980835      -0.125108169519379     
   1.51250004768372        6.95750021934509      -0.115254580775537     
   1.51250004768372        7.26000022888184      -0.106088810911256     
   1.81500005722046       0.000000000000000E+000 -0.358548728285857     
   1.81500005722046       0.302500009536743      -0.399545082091100     
   1.81500005722046       0.605000019073486      -0.438718086153050     
   1.81500005722046       0.907500028610229      -0.469915703220195     
   1.81500005722046        1.21000003814697      -0.488156444402988     
   1.81500005722046        1.51250004768372      -0.493191669475255     
   1.81500005722046        1.81500005722046      -0.490071516540642     
   1.81500005722046        2.11750006675720      -0.479087892133081     
   1.81500005722046        2.42000007629395      -0.459619607513189     
   1.81500005722046        2.72250008583069      -0.432295775918059     
   1.81500005722046        3.02500009536743      -0.399182345651578     
   1.81500005722046        3.32750010490417      -0.363142170021631     
   1.81500005722046        3.63000011444092      -0.326964933603657     
   1.81500005722046        3.93250012397766      -0.292736128840116     
   1.81500005722046        4.23500013351440      -0.261636650291030     
   1.81500005722046        4.53750014305115      -0.234105402303666     
   1.81500005722046        4.84000015258789      -0.210143403466004     
   1.81500005722046        5.14250016212463      -0.189554094238502     
   1.81500005722046        5.44500017166138      -0.172045428360516     
   1.81500005722046        5.74750018119812      -0.157227345712524     
   1.81500005722046        6.05000019073486      -0.144585193799270     
   1.81500005722046        6.35250020027161      -0.133464561649049     
   1.81500005722046        6.65500020980835      -0.123136286440874     
   1.81500005722046        6.95750021934509      -0.113353191576124     
   1.81500005722046        7.26000022888184      -0.104354095852216     
   2.11750006675720       0.000000000000000E+000 -0.346664815085801     
   2.11750006675720       0.302500009536743      -0.384339065528447     
   2.11750006675720       0.605000019073486      -0.420445297598491     
   2.11750006675720       0.907500028610229      -0.449601496792518     
   2.11750006675720        1.21000003814697      -0.469599787199430     
   2.11750006675720        1.51250004768372      -0.479589274729374     
   2.11750006675720        1.81500005722046      -0.479078384862861     
   2.11750006675720        2.11750006675720      -0.468120050678066     
   2.11750006675720        2.42000007629395      -0.447748509404365     
   2.11750006675720        2.72250008583069      -0.420064941104486     
   2.11750006675720        3.02500009536743      -0.387801003053296     
   2.11750006675720        3.32750010490417      -0.353660630959728     
   2.11750006675720        3.63000011444092      -0.319814059113781     
   2.11750006675720        3.93250012397766      -0.287725107327775     
   2.11750006675720        4.23500013351440      -0.258253079295378     
   2.11750006675720        4.53750014305115      -0.231846374276111     
   2.11750006675720        4.84000015258789      -0.208673946602956     
   2.11750006675720        5.14250016212463      -0.188660812393506     
   2.11750006675720        5.44500017166138      -0.171495741545248     
   2.11750006675720        5.74750018119812      -0.156687710055580     
   2.11750006675720        6.05000019073486      -0.143684393437681     
   2.11750006675720        6.35250020027161      -0.132007832657260     
   2.11750006675720        6.65500020980835      -0.121352602597818     
   2.11750006675720        6.95750021934509      -0.111597300933184     
   2.11750006675720        7.26000022888184      -0.102755087117629     
   2.42000007629395       0.000000000000000E+000 -0.333997095501929     
   2.42000007629395       0.302500009536743      -0.367738875675449     
   2.42000007629395       0.605000019073486      -0.400253464112433     
   2.42000007629395       0.907500028610229      -0.428561061734773     
   2.42000007629395        1.21000003814697      -0.449489957268043     
   2.42000007629395        1.51250004768372      -0.460309719100945     
   2.42000007629395        1.81500005722046      -0.459603905874132     
   2.42000007629395        2.11750006675720      -0.447740727735908     
   2.42000007629395        2.42000007629395      -0.426741180013739     
   2.42000007629395        2.72250008583069      -0.399580859971661     
   2.42000007629395        3.02500009536743      -0.369265207355992     
   2.42000007629395        3.32750010490417      -0.338132465888149     
   2.42000007629395        3.63000011444092      -0.307650380978945     
   2.42000007629395        3.93250012397766      -0.278639715612818     
   2.42000007629395        4.23500013351440      -0.251629933426090     
   2.42000007629395        4.53750014305115      -0.227063241571149     
   2.42000007629395        4.84000015258789      -0.205259285359551     
   2.42000007629395        5.14250016212463      -0.186263843753803     
   2.42000007629395        5.44500017166138      -0.169778699255761     
   2.42000007629395        5.74750018119812      -0.155273863698153     
   2.42000007629395        6.05000019073486      -0.142221024178141     
   2.42000007629395        6.35250020027161      -0.130296005170415     
   2.42000007629395        6.65500020980835      -0.119434208332846     
   2.42000007629395        6.95750021934509      -0.109717391548027     
   2.42000007629395        7.26000022888184      -0.101127756600055     
   2.72250008583069       0.000000000000000E+000 -0.321248245029309     
   2.72250008583069       0.302500009536743      -0.349855529595060     
   2.72250008583069       0.605000019073486      -0.379915994850046     
   2.72250008583069       0.907500028610229      -0.405791394090911     
   2.72250008583069        1.21000003814697      -0.424342727066399     
   2.72250008583069        1.51250004768372      -0.433841979849941     
   2.72250008583069        1.81500005722046      -0.432276911040578     
   2.72250008583069        2.11750006675720      -0.420051456529827     
   2.72250008583069        2.42000007629395      -0.399574071967493     
   2.72250008583069        2.72250008583069      -0.374127587017122     
   2.72250008583069        3.02500009536743      -0.346663975210271     
   2.72250008583069        3.32750010490417      -0.319100735400688     
   2.72250008583069        3.63000011444092      -0.292326812816540     
   2.72250008583069        3.93250012397766      -0.266684918995286     
   2.72250008583069        4.23500013351440      -0.242475070717841     
   2.72250008583069        4.53750014305115      -0.220137194164774     
   2.72250008583069        4.84000015258789      -0.200084983705971     
   2.72250008583069        5.14250016212463      -0.182430481357598     
   2.72250008583069        5.44500017166138      -0.166879028458253     
   2.72250008583069        5.74750018119812      -0.152894486808293     
   2.72250008583069        6.05000019073486      -0.140004981578653     
   2.72250008583069        6.35250020027161      -0.128025909435841     
   2.72250008583069        6.65500020980835      -0.117132056557805     
   2.72250008583069        6.95750021934509      -0.107683586180234     
   2.72250008583069        7.26000022888184      -9.960368799478399E-002
   3.02500009536743       0.000000000000000E+000 -0.308798795904928     
   3.02500009536743       0.302500009536743      -0.328104447699962     
   3.02500009536743       0.605000019073486      -0.353614049232375     
   3.02500009536743       0.907500028610229      -0.377976700626846     
   3.02500009536743        1.21000003814697      -0.393718325990368     
   3.02500009536743        1.51250004768372      -0.401155749571039     
   3.02500009536743        1.81500005722046      -0.399161552033270     
   3.02500009536743        2.11750006675720      -0.387782984685327     
   3.02500009536743        2.42000007629395      -0.369252481792197     
   3.02500009536743        2.72250008583069      -0.346657563897710     
   3.02500009536743        3.02500009536743      -0.322648218126037     
   3.02500009536743        3.32750010490417      -0.298763454754416     
   3.02500009536743        3.63000011444092      -0.275540044306328     
   3.02500009536743        3.93250012397766      -0.253090334822276     
   3.02500009536743        4.23500013351440      -0.231630597488515     
   3.02500009536743        4.53750014305115      -0.211610914363132     
   3.02500009536743        4.84000015258789      -0.193469675974352     
   3.02500009536743        5.14250016212463      -0.177314486908823     
   3.02500009536743        5.44500017166138      -0.162833259849330     
   3.02500009536743        5.74750018119812      -0.149507178358050     
   3.02500009536743        6.05000019073486      -0.136938590314805     
   3.02500009536743        6.35250020027161      -0.125060118219413     
   3.02500009536743        6.65500020980835      -0.114295915113538     
   3.02500009536743        6.95750021934509      -0.105332787283859     
   3.02500009536743        7.26000022888184      -9.806689047735784E-002
   3.32750010490417       0.000000000000000E+000 -0.298964449899587     
   3.32750010490417       0.302500009536743      -0.307527290342885     
   3.32750010490417       0.605000019073486      -0.325369213276287     
   3.32750010490417       0.907500028610229      -0.345812826624661     
   3.32750010490417        1.21000003814697      -0.359427685131570     
   3.32750010490417        1.51250004768372      -0.364885514907269     
   3.32750010490417        1.81500005722046      -0.363118442616350     
   3.32750010490417        2.11750006675720      -0.353637987657515     
   3.32750010490417        2.42000007629395      -0.338114178786328     
   3.32750010490417        2.72250008583069      -0.319088449477746     
   3.32750010490417        3.02500009536743      -0.298757584910552     
   3.32750010490417        3.32750010490417      -0.278362511295728     
   3.32750010490417        3.63000011444092      -0.258307436543862     
   3.32750010490417        3.93250012397766      -0.238692763310335     
   3.32750010490417        4.23500013351440      -0.219767041362450     
   3.32750010490417        4.53750014305115      -0.201987997483422     
   3.32750010490417        4.84000015258789      -0.185753316243886     
   3.32750010490417        5.14250016212463      -0.171111586111587     
   3.32750010490417        5.44500017166138      -0.157728599299545     
   3.32750010490417        5.74750018119812      -0.145135092449399     
   3.32750010490417        6.05000019073486      -0.133028268694111     
   3.32750010490417        6.35250020027161      -0.121443216219468     
   3.32750010490417        6.65500020980835      -0.110909672976353     
   3.32750010490417        6.95750021934509      -0.102551698207162     
   3.32750010490417        7.26000022888184      -9.614729094441594E-002
   3.63000011444092       0.000000000000000E+000 -0.282206107310208     
   3.63000011444092       0.302500009536743      -0.294228120004011     
   3.63000011444092       0.605000019073486      -0.301729212789910     
   3.63000011444092       0.907500028610229      -0.314233099177659     
   3.63000011444092        1.21000003814697      -0.324063504376944     
   3.63000011444092        1.51250004768372      -0.328084144063888     
   3.63000011444092        1.81500005722046      -0.326936282308806     
   3.63000011444092        2.11750006675720      -0.319786269894425     
   3.63000011444092        2.42000007629395      -0.307626900764511     
   3.63000011444092        2.72250008583069      -0.292309518131577     
   3.63000011444092        3.02500009536743      -0.275529416901236     
   3.63000011444092        3.32750010490417      -0.258302821938964     
   3.63000011444092        3.63000011444092      -0.241039768914891     
   3.63000011444092        3.93250012397766      -0.223946375040583     
   3.63000011444092        4.23500013351440      -0.207345581799926     
   3.63000011444092        4.53750014305115      -0.191675708138005     
   3.63000011444092        4.84000015258789      -0.177246738470454     
   3.63000011444092        5.14250016212463      -0.164029936822190     
   3.63000011444092        5.44500017166138      -0.151693392182374     
   3.63000011444092        5.74750018119812      -0.139862895078832     
   3.63000011444092        6.05000019073486      -0.128377183836007     
   3.63000011444092        6.35250020027161      -0.117352562320987     
   3.63000011444092        6.65500020980835      -0.107372224618708     
   3.63000011444092        6.95750021934509      -9.969374615092676E-002
   3.63000011444092        7.26000022888184      -9.352924336560656E-002
   3.93250012397766       0.000000000000000E+000 -0.263561495998490     
   3.93250012397766       0.302500009536743      -0.277510293613207     
   3.93250012397766       0.605000019073486      -0.280059780901131     
   3.93250012397766       0.907500028610229      -0.284916375899088     
   3.93250012397766        1.21000003814697      -0.290310911781345     
   3.93250012397766        1.51250004768372      -0.293211645115059     
   3.93250012397766        1.81500005722046      -0.292701831098896     
   3.93250012397766        2.11750006675720      -0.287692642391119     
   3.93250012397766        2.42000007629395      -0.278612233129590     
   3.93250012397766        2.72250008583069      -0.266664170982067     
   3.93250012397766        3.02500009536743      -0.253076630279878     
   3.93250012397766        3.32750010490417      -0.238685233707107     
   3.93250012397766        3.63000011444092      -0.223943467991921     
   3.93250012397766        3.93250012397766      -0.209170302509019     
   3.93250012397766        4.23500013351440      -0.194735738835930     
   3.93250012397766        4.53750014305115      -0.181020692878621     
   3.93250012397766        4.84000015258789      -0.168231777737627     
   3.93250012397766        5.14250016212463      -0.156284832771825     
   3.93250012397766        5.44500017166138      -0.144896290513891     
   3.93250012397766        5.74750018119812      -0.133827747765044     
   3.93250012397766        6.05000019073486      -0.123084477870629     
   3.93250012397766        6.35250020027161      -0.112888460992164     
   3.93250012397766        6.65500020980835      -0.103811982269742     
   3.93250012397766        6.95750021934509      -9.666627074037905E-002
   3.93250012397766        7.26000022888184      -9.040064679926087E-002
   4.23500013351440       0.000000000000000E+000 -0.238035216236756     
   4.23500013351440       0.302500009536743      -0.250784521134538     
   4.23500013351440       0.605000019073486      -0.254129225310267     
   4.23500013351440       0.907500028610229      -0.256423249686743     
   4.23500013351440        1.21000003814697      -0.259349358543357     
   4.23500013351440        1.51250004768372      -0.261655781108944     
   4.23500013351440        1.81500005722046      -0.261598807327433     
   4.23500013351440        2.11750006675720      -0.258218340933608     
   4.23500013351440        2.42000007629395      -0.251600946229082     
   4.23500013351440        2.72250008583069      -0.242453240332511     
   4.23500013351440        3.02500009536743      -0.231615929361021     
   4.23500013351440        3.32750010490417      -0.219758441477323     
   4.23500013351440        3.63000011444092      -0.207341407272788     
   4.23500013351440        3.93250012397766      -0.194734327648764     
   4.23500013351440        4.23500013351440      -0.182297570506636     
   4.23500013351440        4.53750014305115      -0.170331671446762     
   4.23500013351440        4.84000015258789      -0.158960833557075     
   4.23500013351440        5.14250016212463      -0.148095299312530     
   4.23500013351440        5.44500017166138      -0.137546562563279     
   4.23500013351440        5.74750018119812      -0.127224823350814     
   4.23500013351440        6.05000019073486      -0.117264624357976     
   4.23500013351440        6.35250020027161      -0.107964684672120     
   4.23500013351440        6.65500020980835      -9.972398262092655E-002
   4.23500013351440        6.95750021934509      -9.285984272818519E-002
   4.23500013351440        7.26000022888184      -8.661235900100067E-002
   4.53750014305115       0.000000000000000E+000 -0.207903183004790     
   4.53750014305115       0.302500009536743      -0.220161713949648     
   4.53750014305115       0.605000019073486      -0.225779110861796     
   4.53750014305115       0.907500028610229      -0.228910590386049     
   4.53750014305115        1.21000003814697      -0.231766920016994     
   4.53750014305115        1.51250004768372      -0.233846248587076     
   4.53750014305115        1.81500005722046      -0.234068651897735     
   4.53750014305115        2.11750006675720      -0.231813428859185     
   4.53750014305115        2.42000007629395      -0.227036227768204     
   4.53750014305115        2.72250008583069      -0.220117102314940     
   4.53750014305115        3.02500009536743      -0.211597464076565     
   4.53750014305115        3.32750010490417      -0.201979988528351     
   4.53750014305115        3.63000011444092      -0.191671572794537     
   4.53750014305115        3.93250012397766      -0.181018961531991     
   4.53750014305115        4.23500013351440      -0.170331203262769     
   4.53750014305115        4.53750014305115      -0.159837946467157     
   4.53750014305115        4.84000015258789      -0.149629862449071     
   4.53750014305115        5.14250016212463      -0.139666444058555     
   4.53750014305115        5.44500017166138      -0.129879721786701     
   4.53750014305115        5.74750018119812      -0.120306516197694     
   4.53750014305115        6.05000019073486      -0.111140741609330     
   4.53750014305115        6.35250020027161      -0.102653778565118     
   4.53750014305115        6.65500020980835      -9.504651690119882E-002
   4.53750014305115        6.95750021934509      -8.834240811753380E-002
   4.53750014305115        7.26000022888184      -8.207698667386416E-002
   4.84000015258789       0.000000000000000E+000 -0.180934064600321     
   4.84000015258789       0.302500009536743      -0.192300695667229     
   4.84000015258789       0.605000019073486      -0.199549689684969     
   4.84000015258789       0.907500028610229      -0.204309734781075     
   4.84000015258789        1.21000003814697      -0.207654148820925     
   4.84000015258789        1.51250004768372      -0.209688885519699     
   4.84000015258789        1.81500005722046      -0.210113149440966     
   4.84000015258789        2.11750006675720      -0.208647188947388     
   4.84000015258789        2.42000007629395      -0.205237676683250     
   4.84000015258789        2.72250008583069      -0.200069149807361     
   4.84000015258789        3.02500009536743      -0.193459188091660     
   4.84000015258789        3.32750010490417      -0.185747078145099     
   4.84000015258789        3.63000011444092      -0.177243478918427     
   4.84000015258789        3.93250012397766      -0.168230390305504     
   4.84000015258789        4.23500013351440      -0.158960481148828     
   4.84000015258789        4.53750014305115      -0.149629925762097     
   4.84000015258789        4.84000015258789      -0.140350846847175     
   4.84000015258789        5.14250016212463      -0.131167821775160     
   4.84000015258789        5.44500017166138      -0.122125523781243     
   4.84000015258789        5.74750018119812      -0.113337490205125     
   4.84000015258789        6.05000019073486      -0.104990561456884     
   4.84000015258789        6.35250020027161      -9.726643478207714E-002
   4.84000015258789        6.65500020980835      -9.023133110496082E-002
   4.84000015258789        6.95750021934509      -8.377481509774862E-002
   4.84000015258789        7.26000022888184      -7.764386290073462E-002
   5.14250016212463       0.000000000000000E+000 -0.159393529214695     
   5.14250016212463       0.302500009536743      -0.169797880346697     
   5.14250016212463       0.605000019073486      -0.177723072503762     
   5.14250016212463       0.907500028610229      -0.183304419452307     
   5.14250016212463        1.21000003814697      -0.186917487636386     
   5.14250016212463        1.51250004768372      -0.188949222689119     
   5.14250016212463        1.81500005722046      -0.189534459157399     
   5.14250016212463        2.11750006675720      -0.188643375643741     
   5.14250016212463        2.42000007629395      -0.186249878479997     
   5.14250016212463        2.72250008583069      -0.182420376928761     
   5.14250016212463        3.02500009536743      -0.177307850241246     
   5.14250016212463        3.32750010490417      -0.171107637585794     
   5.14250016212463        3.63000011444092      -0.164027894547476     
   5.14250016212463        3.93250012397766      -0.156284087208769     
   5.14250016212463        4.23500013351440      -0.148095379761926     
   5.14250016212463        4.53750014305115      -0.139666917433530     
   5.14250016212463        4.84000015258789      -0.131168253627781     
   5.14250016212463        5.14250016212463      -0.122731789902348     
   5.14250016212463        5.44500017166138      -0.114476489709159     
   5.14250016212463        5.74750018119812      -0.106530867374014     
   5.14250016212463        6.05000019073486      -9.902238629238173E-002
   5.14250016212463        6.35250020027161      -9.203073834889972E-002
   5.14250016212463        6.65500020980835      -8.554529762054716E-002
   5.14250016212463        6.95750021934509      -7.946943801096887E-002
   5.14250016212463        7.26000022888184      -7.362897871689940E-002
   5.44500017166138       0.000000000000000E+000 -0.143789841549453     
   5.44500017166138       0.302500009536743      -0.152964789617749     
   5.44500017166138       0.605000019073486      -0.160602596181727     
   5.44500017166138       0.907500028610229      -0.166106112531939     
   5.44500017166138        1.21000003814697      -0.169568417276029     
   5.44500017166138        1.51250004768372      -0.171436804005642     
   5.44500017166138        1.81500005722046      -0.172037955174135     
   5.44500017166138        2.11750006675720      -0.171488509231442     
   5.44500017166138        2.42000007629395      -0.169772780274897     
   5.44500017166138        2.72250008583069      -0.166874730495449     
   5.44500017166138        3.02500009536743      -0.162830367257050     
   5.44500017166138        3.32750010490417      -0.157726773710620     
   5.44500017166138        3.63000011444092      -0.151692444230424     
   5.44500017166138        3.93250012397766      -0.144896174341816     
   5.44500017166138        4.23500013351440      -0.137547185722602     
   5.44500017166138        4.53750014305115      -0.129880805318068     
   5.44500017166138        4.84000015258789      -0.122126639228760     
   5.44500017166138        5.14250016212463      -0.114477205126226     
   5.44500017166138        5.44500017166138      -0.107074427791630     
   5.44500017166138        5.74750018119812      -0.100010138241535     
   5.44500017166138        6.05000019073486      -9.332976629501902E-002
   5.44500017166138        6.35250020027161      -8.705963377792236E-002
   5.44500017166138        6.65500020980835      -8.115931340817660E-002
   5.44500017166138        6.95750021934509      -7.552100196701254E-002
   5.44500017166138        7.26000022888184      -7.004954318876427E-002
   5.74750018119812       0.000000000000000E+000 -0.133663690140553     
   5.74750018119812       0.302500009536743      -0.141504327668432     
   5.74750018119812       0.605000019073486      -0.148381818181721     
   5.74750018119812       0.907500028610229      -0.153197418273347     
   5.74750018119812        1.21000003814697      -0.155862481739964     
   5.74750018119812        1.51250004768372      -0.156993393663475     
   5.74750018119812        1.81500005722046      -0.157230797569903     
   5.74750018119812        2.11750006675720      -0.156689308668768     
   5.74750018119812        2.42000007629395      -0.155274692433047     
   5.74750018119812        2.72250008583069      -0.152894868753109     
   5.74750018119812        3.02500009536743      -0.149507079303393     
   5.74750018119812        3.32750010490417      -0.145134584393121     
   5.74750018119812        3.63000011444092      -0.139862411503968     
   5.74750018119812        3.93250012397766      -0.133827890340271     
   5.74750018119812        4.23500013351440      -0.127225888044051     
   5.74750018119812        4.53750014305115      -0.120308284974822     
   5.74750018119812        4.84000015258789      -0.113339438989854     
   5.74750018119812        5.14250016212463      -0.106532471409862     
   5.74750018119812        5.44500017166138      -0.100011036403956     
   5.74750018119812        5.74750018119812      -9.381732419154867E-002
   5.74750018119812        6.05000019073486      -8.798440720498403E-002
   5.74750018119812        6.35250020027161      -8.248040812813202E-002
   5.74750018119812        6.65500020980835      -7.719869586216743E-002
   5.74750018119812        6.95750021934509      -7.202985098626806E-002
   5.74750018119812        7.26000022888184      -6.693578045543003E-002
   6.05000019073486       0.000000000000000E+000 -0.128522964615497     
   6.05000019073486       0.302500009536743      -0.134994481515705     
   6.05000019073486       0.605000019073486      -0.140822801547240     
   6.05000019073486       0.907500028610229      -0.144173748773349     
   6.05000019073486        1.21000003814697      -0.145298086299358     
   6.05000019073486        1.51250004768372      -0.145208796169250     
   6.05000019073486        1.81500005722046      -0.144596098924902     
   6.05000019073486        2.11750006675720      -0.143691964327100     
   6.05000019073486        2.42000007629395      -0.142226329589412     
   6.05000019073486        2.72250008583069      -0.140008281688269     
   6.05000019073486        3.02500009536743      -0.136939765950973     
   6.05000019073486        3.32750010490417      -0.133027491559497     
   6.05000019073486        3.63000011444092      -0.128375629231346     
   6.05000019073486        3.93250012397766      -0.123083822506785     
   6.05000019073486        4.23500013351440      -0.117265752471474     
   6.05000019073486        4.53750014305115      -0.111143210124430     
   6.05000019073486        4.84000015258789      -0.104993472174788     
   6.05000019073486        5.14250016212463      -9.902501794790561E-002
   6.05000019073486        5.44500017166138      -9.333169695393603E-002
   6.05000019073486        5.74750018119812      -8.798547366769072E-002
   6.05000019073486        6.05000019073486      -8.300625770456142E-002
   6.05000019073486        6.35250020027161      -7.830585604720799E-002
   6.05000019073486        6.65500020980835      -7.369769012653243E-002
   6.05000019073486        6.95750021934509      -6.900582733205071E-002
   6.05000019073486        7.26000022888184      -6.425814237712052E-002
   6.35250020027161       0.000000000000000E+000 -0.127061127505905     
   6.35250020027161       0.302500009536743      -0.132454875246433     
   6.35250020027161       0.605000019073486      -0.136830353518755     
   6.35250020027161       0.907500028610229      -0.137617382404808     
   6.35250020027161        1.21000003814697      -0.136503640893554     
   6.35250020027161        1.51250004768372      -0.134968997172373     
   6.35250020027161        1.81500005722046      -0.133478430987620     
   6.35250020027161        2.11750006675720      -0.132018104840717     
   6.35250020027161        2.42000007629395      -0.130303450825582     
   6.35250020027161        2.72250008583069      -0.128030422668959     
   6.35250020027161        3.02500009536743      -0.125061030248312     
   6.35250020027161        3.32750010490417      -0.121440659050346     
   6.35250020027161        3.63000011444092      -0.117348601317612     
   6.35250020027161        3.93250012397766      -0.112886192089137     
   6.35250020027161        4.23500013351440      -0.107965609826885     
   6.35250020027161        4.53750014305115      -0.102657124704321     
   6.35250020027161        4.84000015258789      -9.727056108257676E-002
   6.35250020027161        5.14250016212463      -9.203460461479188E-002
   6.35250020027161        5.44500017166138      -8.706282468607350E-002
   6.35250020027161        5.74750018119812      -8.248287393985830E-002
   6.35250020027161        6.05000019073486      -7.830744803525864E-002
   6.35250020027161        6.35250020027161      -7.443661731479724E-002
   6.35250020027161        6.65500020980835      -7.058457920366468E-002
   6.35250020027161        6.95750021934509      -6.637634285753206E-002
   6.35250020027161        7.26000022888184      -6.188533266685121E-002
   6.65500020980835       0.000000000000000E+000 -0.125831524089334     
   6.65500020980835       0.302500009536743      -0.131117225135948     
   6.65500020980835       0.605000019073486      -0.133166486453796     
   6.65500020980835       0.907500028610229      -0.130650548450112     
   6.65500020980835        1.21000003814697      -0.127581382534989     
   6.65500020980835        1.51250004768372      -0.125125742716994     
   6.65500020980835        1.81500005722046      -0.123149536284132     
   6.65500020980835        2.11750006675720      -0.121362867409028     
   6.65500020980835        2.42000007629395      -0.119442090101783     
   6.65500020980835        2.72250008583069      -0.117137031048918     
   6.65500020980835        3.02500009536743      -0.114297062590688     
   6.65500020980835        3.32750010490417      -0.110906704378926     
   6.65500020980835        3.63000011444092      -0.107367628951455     
   6.65500020980835        3.93250012397766      -0.103810241423307     
   6.65500020980835        4.23500013351440      -9.972661527269427E-002
   6.65500020980835        4.53750014305115      -9.505177109883772E-002
   6.65500020980835        4.84000015258789      -9.023716174923724E-002
   6.65500020980835        5.14250016212463      -8.555067626495727E-002
   6.65500020980835        5.44500017166138      -8.116401723297528E-002
   6.65500020980835        5.74750018119812      -7.720290712371228E-002
   6.65500020980835        6.05000019073486      -7.370153953684096E-002
   6.65500020980835        6.35250020027161      -7.058749201614720E-002
   6.65500020980835        6.65500020980835      -6.753832254945491E-002
   6.65500020980835        6.95750021934509      -6.387308517527046E-002
   6.65500020980835        7.26000022888184      -5.952553838844200E-002
   6.95750021934509       0.000000000000000E+000 -0.118939079883266     
   6.95750021934509       0.302500009536743      -0.125329522969324     
   6.95750021934509       0.605000019073486      -0.124167353448840     
   6.95750021934509       0.907500028610229      -0.120457551331874     
   6.95750021934509        1.21000003814697      -0.117537334088693     
   6.95750021934509        1.51250004768372      -0.115267041387406     
   6.95750021934509        1.81500005722046      -0.113363303904951     
   6.95750021934509        2.11750006675720      -0.111605926895600     
   6.95750021934509        2.42000007629395      -0.109724808895163     
   6.95750021934509        2.72250008583069      -0.107689414897996     
   6.95750021934509        3.02500009536743      -0.105336657282350     
   6.95750021934509        3.32750010490417      -0.102553730999790     
   6.95750021934509        3.63000011444092      -9.969534391685778E-002
   6.95750021934509        3.93250012397766      -9.667073790451819E-002
   6.95750021934509        4.23500013351440      -9.286745596060687E-002
   6.95750021934509        4.53750014305115      -8.835100421272686E-002
   6.95750021934509        4.84000015258789      -8.378280031605571E-002
   6.95750021934509        5.14250016212463      -7.947641978126613E-002
   6.95750021934509        5.44500017166138      -7.552719341845883E-002
   6.95750021934509        5.74750018119812      -7.203571270739009E-002
   6.95750021934509        6.05000019073486      -6.901187261291376E-002
   6.95750021934509        6.35250020027161      -6.638264902660804E-002
   6.95750021934509        6.65500020980835      -6.387812548424893E-002
   6.95750021934509        6.95750021934509      -6.072001811821939E-002
   6.95750021934509        7.26000022888184      -5.650854788096461E-002
   7.26000022888184       0.000000000000000E+000 -0.110169463358725     
   7.26000022888184       0.302500009536743      -0.113367593983002     
   7.26000022888184       0.605000019073486      -0.112073830746905     
   7.26000022888184       0.907500028610229      -0.109974078663589     
   7.26000022888184        1.21000003814697      -0.107987326059557     
   7.26000022888184        1.51250004768372      -0.106093624904252     
   7.26000022888184        1.81500005722046      -0.104359718105072     
   7.26000022888184        2.11750006675720      -0.102761253217636     
   7.26000022888184        2.42000007629395      -0.101134130194715     
   7.26000022888184        2.72250008583069      -9.961016057653790E-002
   7.26000022888184        3.02500009536743      -9.807393554997208E-002
   7.26000022888184        3.32750010490417      -9.615590065459589E-002
   7.26000022888184        3.63000011444092      -9.353789135245556E-002
   7.26000022888184        3.93250012397766      -9.041255775655151E-002
   7.26000022888184        4.23500013351440      -8.662502812337590E-002
   7.26000022888184        4.53750014305115      -8.208845951552807E-002
   7.26000022888184        4.84000015258789      -7.765352076040838E-002
   7.26000022888184        5.14250016212463      -7.363714180508180E-002
   7.26000022888184        5.44500017166138      -7.005670807428302E-002
   7.26000022888184        5.74750018119812      -6.694243669211605E-002
   7.26000022888184        6.05000019073486      -6.426480839856996E-002
   7.26000022888184        6.35250020027161      -6.189229520504167E-002
   7.26000022888184        6.65500020980835      -5.953213003504026E-002
   7.26000022888184        6.95750021934509      -5.651223091888166E-002
   7.26000022888184        7.26000022888184      -5.262445483113518E-002
